Populations	GRC	Mediterranean	Native American	Northeast Asian	Northern European	Oceanian	Southern African	Southeast Asian	Southwest Asian	Subsaharan African
1	MAL-005	0.009876	0.003305	0.000010	0.000010	0.000010	0.127234	0.009426	0.013593	0.836535
2	MAL-009	0.017387	0.002510	0.000010	0.005001	0.000010	0.118999	0.007207	0.003773	0.845103
3	MAL-011	0.007983	0.001673	0.000010	0.003912	0.005332	0.113471	0.013071	0.000010	0.854537
5	MAL-014	0.007970	0.001457	0.000010	0.000010	0.000010	0.113356	0.014592	0.010797	0.851798
6	MAL-015	0.011785	0.000943	0.000010	0.000010	0.005456	0.115795	0.008416	0.003574	0.854011
9	MAL-023	0.019496	0.000010	0.008118	0.000010	0.000010	0.112268	0.003012	0.011728	0.845348
10	MAL-024	0.006373	0.002382	0.000010	0.000384	0.003334	0.132047	0.009938	0.007572	0.837959
11	MAL-025	0.005012	0.002229	0.000124	0.010578	0.001737	0.117013	0.000010	0.007070	0.856228
16	MAL-045	0.008510	0.003217	0.000010	0.003718	0.000010	0.117649	0.012769	0.005552	0.848565
19	MAL-058	0.011147	0.005742	0.000010	0.000010	0.000010	0.127951	0.009595	0.006920	0.838614
21	MAL-065	0.014965	0.001789	0.000010	0.000870	0.006419	0.124899	0.016896	0.001052	0.833099
22	MAL-073	0.012095	0.000010	0.000010	0.000010	0.000010	0.138305	0.004374	0.024619	0.820567
23	MAL-074	0.010029	0.005613	0.005660	0.006350	0.000710	0.135444	0.010465	0.001038	0.824691
25	MAL-097	0.006872	0.005294	0.000010	0.000010	0.006238	0.106488	0.016369	0.009525	0.849194
27	MAL-101	0.005183	0.003561	0.001090	0.000010	0.000010	0.117637	0.009855	0.009903	0.852751
29	MAL-122	0.000666	0.002749	0.000010	0.000167	0.003054	0.116789	0.015154	0.009367	0.852044
32	MAL-196	0.016521	0.000010	0.005819	0.007431	0.000010	0.140080	0.006490	0.005758	0.817881
36	ABA-048	0.410243	0.028342	0.060858	0.139563	0.000014	0.000010	0.033808	0.322113	0.005050
37	ABA-052	0.417517	0.019131	0.072535	0.140732	0.009283	0.009751	0.010980	0.314982	0.005088
39	ABA-065	0.409244	0.013770	0.087945	0.137109	0.001259	0.000010	0.037852	0.310320	0.002491
41	ABA-078	0.394040	0.028620	0.086753	0.136370	0.015013	0.000010	0.016014	0.323169	0.000010
42	ABA-085	0.423103	0.008958	0.078345	0.143305	0.000010	0.000010	0.027877	0.308035	0.010357
43	ABA-086	0.356214	0.039282	0.077132	0.139596	0.004553	0.011293	0.047425	0.319471	0.005034
45	ABA-099	0.408488	0.034868	0.062784	0.111302	0.011051	0.006695	0.039566	0.325235	0.000010
47	Adg-185	0.453024	0.030210	0.050867	0.105297	0.000010	0.006722	0.031936	0.314854	0.007080
48	Adg-192	0.429702	0.018754	0.037088	0.144576	0.000010	0.004160	0.033214	0.332381	0.000115
50	Adg-222	0.423106	0.017296	0.067809	0.170266	0.006131	0.000010	0.016395	0.293166	0.005821
52	Adg-226	0.450199	0.025584	0.046986	0.118010	0.005531	0.000010	0.007221	0.335843	0.010614
53	Adg-227	0.414115	0.022893	0.052719	0.140731	0.011640	0.007706	0.019918	0.330268	0.000010
54	Adg-238	0.404761	0.022295	0.070356	0.152728	0.000010	0.003629	0.033135	0.309927	0.003158
56	ALT-090	0.016875	0.078623	0.452939	0.195963	0.010430	0.000010	0.051078	0.194071	0.000010
57	ALT-092	0.122969	0.060827	0.328615	0.222794	0.012815	0.003459	0.025634	0.222878	0.000010
60	ALT-117	0.067208	0.060506	0.409448	0.179514	0.001951	0.005254	0.063497	0.212613	0.000010
62	ALT-165	0.050425	0.079486	0.420592	0.158576	0.002847	0.006822	0.066019	0.215223	0.000010
63	ALT-167	0.026149	0.073705	0.443997	0.174733	0.016865	0.006875	0.057425	0.196369	0.003883
68	ALT-746	0.023668	0.080379	0.479522	0.114814	0.004105	0.000010	0.113397	0.184095	0.000010
71	ALT-756	0.050273	0.073616	0.494027	0.100926	0.000010	0.000010	0.133861	0.146932	0.000346
72	ALT-760	0.025135	0.082773	0.522840	0.101173	0.014116	0.000010	0.124262	0.128226	0.001465
73	ALT-771	0.009366	0.034911	0.628490	0.081073	0.001372	0.000010	0.043226	0.195937	0.005614
74	ALT-774	0.000015	0.049575	0.631083	0.101066	0.024165	0.001296	0.000011	0.192780	0.000010
75	ALT-775	0.040006	0.099212	0.474768	0.121890	0.005608	0.000010	0.082144	0.172854	0.003508
76	ALT-776	0.008153	0.040506	0.605132	0.126439	0.003019	0.000010	0.008350	0.208381	0.000010
80	ALT-876	0.042386	0.065357	0.497367	0.103380	0.024990	0.000010	0.100880	0.159660	0.005970
85	ALT-952	0.043568	0.073947	0.430569	0.179226	0.004856	0.005049	0.036974	0.225800	0.000010
86	ALT-966	0.044632	0.090126	0.406485	0.178133	0.011761	0.002871	0.058544	0.207438	0.000010
87	AMU-031	0.000010	0.071400	0.659536	0.007543	0.013354	0.000010	0.186899	0.061237	0.000010
92	AMU-064	0.000010	0.098628	0.625765	0.010688	0.023268	0.006722	0.191644	0.043265	0.000010
94	AMU-072	0.000010	0.097037	0.646912	0.000010	0.020696	0.001339	0.178579	0.055408	0.000010
97	AMU-156	0.000010	0.097940	0.669727	0.008016	0.014597	0.000663	0.165630	0.043407	0.000010
98	AMU-160	0.000010	0.093669	0.682699	0.000016	0.007570	0.000010	0.164521	0.051494	0.000010
101	AMU-549	0.000010	0.084373	0.653564	0.010817	0.010056	0.000010	0.178430	0.062730	0.000010
102	AMU-554	0.000010	0.091846	0.659105	0.007942	0.025409	0.000016	0.162184	0.053477	0.000010
103	AMU-555	0.000010	0.071465	0.674436	0.011465	0.021865	0.002758	0.177594	0.040396	0.000010
104	AMU-559	0.000010	0.079809	0.677304	0.006074	0.006446	0.000010	0.173757	0.054861	0.001728
107	AMU-596	0.000010	0.086460	0.643965	0.000013	0.029150	0.002697	0.196100	0.041596	0.000010
108	AMU-601	0.000010	0.064763	0.681747	0.010247	0.001327	0.000412	0.183387	0.058098	0.000010
111	AMU-631	0.000010	0.064313	0.679937	0.000017	0.014223	0.008924	0.190510	0.042056	0.000010
115	AMU-696	0.000010	0.094781	0.661580	0.006231	0.013861	0.000010	0.174175	0.049342	0.000010
125	AZR-0860	0.448743	0.011039	0.059962	0.127247	0.003001	0.007779	0.025221	0.316998	0.000010
129	AZR-0868	0.424413	0.018492	0.065647	0.125148	0.009515	0.011070	0.028758	0.305180	0.011777
131	AZR-0870	0.436683	0.010909	0.068675	0.109451	0.006326	0.009423	0.038244	0.320279	0.000010
135	AZR-1017	0.436701	0.021055	0.069972	0.089050	0.000010	0.006467	0.042881	0.324369	0.009494
137	AZR-1037	0.444060	0.014988	0.072048	0.101913	0.011428	0.004456	0.035545	0.315553	0.000010
138	AZR-1039	0.474129	0.012382	0.072971	0.096818	0.000010	0.009682	0.022340	0.311658	0.000010
140	AZR-1058	0.452322	0.015748	0.056289	0.085587	0.000388	0.003490	0.035168	0.327580	0.023427
141	BAS-005	0.137713	0.071114	0.275731	0.191555	0.016487	0.000010	0.068640	0.236599	0.002151
144	BAS-014	0.162526	0.079006	0.277451	0.195153	0.011831	0.001620	0.068305	0.203006	0.001103
146	BAS-021	0.149732	0.061475	0.297025	0.199781	0.000010	0.001637	0.074113	0.216217	0.000010
149	BAS-033	0.178219	0.077584	0.294945	0.173782	0.000014	0.000010	0.074275	0.197331	0.003840
151	BAS-042	0.169633	0.075603	0.269713	0.202802	0.005796	0.003452	0.060561	0.212130	0.000312
153	BAS-046	0.162473	0.070978	0.253449	0.206704	0.000240	0.001864	0.082071	0.222211	0.000010
155	BAS-062	0.148138	0.056581	0.296759	0.216585	0.000010	0.001169	0.065367	0.215380	0.000010
159	BAS-105	0.260896	0.035677	0.139399	0.278213	0.022382	0.004521	0.048814	0.206447	0.003651
160	BAS-111	0.223379	0.050340	0.177742	0.251870	0.024790	0.004309	0.033255	0.229110	0.005205
161	BAS-120	0.177525	0.064054	0.236236	0.206285	0.003112	0.012581	0.052367	0.247831	0.000010
163	BAS-125	0.198170	0.050728	0.198668	0.243410	0.004881	0.000010	0.066488	0.237636	0.000010
164	BAS-135	0.200255	0.081612	0.226567	0.212806	0.014982	0.003921	0.057465	0.196719	0.005673
166	BAS-153	0.176550	0.067352	0.234087	0.202762	0.019251	0.005411	0.069772	0.214387	0.010426
167	BAS-156	0.144113	0.070284	0.273510	0.216193	0.000010	0.000010	0.077729	0.218142	0.000010
168	BAS-164	0.177891	0.038954	0.277794	0.225966	0.000010	0.006941	0.079603	0.192832	0.000010
173	BAS-661	0.172584	0.047455	0.223412	0.261720	0.017783	0.001750	0.047409	0.226060	0.001828
177	BAS-671	0.193355	0.057059	0.203051	0.241819	0.024580	0.000010	0.056590	0.223526	0.000010
178	BAS-672	0.198146	0.044780	0.211879	0.250755	0.010017	0.002530	0.059844	0.222040	0.000010
181	BAS-813	0.221460	0.039330	0.164454	0.270456	0.000010	0.002878	0.064299	0.233336	0.003777
182	BAS-822	0.214012	0.047435	0.187250	0.261682	0.017662	0.000010	0.054854	0.217086	0.000010
186	BAS-834	0.236151	0.053821	0.166277	0.253001	0.002135	0.000010	0.060956	0.227639	0.000010
188	BAS-1392	0.234480	0.048071	0.151673	0.258931	0.020201	0.002508	0.043474	0.240651	0.000010
193	BAS-1400	0.196368	0.055474	0.200121	0.263991	0.001528	0.004256	0.042616	0.235635	0.000010
195	BUR-008	0.000010	0.077322	0.581435	0.064168	0.010201	0.000700	0.146122	0.110866	0.009176
198	BUR-047	0.005942	0.084891	0.574864	0.056847	0.010415	0.000010	0.158253	0.108767	0.000010
199	BUR-050	0.015282	0.069207	0.577718	0.067740	0.000010	0.000716	0.135059	0.132547	0.001722
202	BUR-087	0.008564	0.057248	0.603573	0.057119	0.010795	0.000010	0.162408	0.093082	0.007203
205	BUR-124	0.009833	0.074991	0.599016	0.052572	0.000010	0.000010	0.145994	0.114709	0.002865
206	BUR-144	0.016907	0.065743	0.583717	0.060444	0.007869	0.006826	0.148675	0.109809	0.000010
208	BUR-155	0.003834	0.065944	0.591551	0.051646	0.018035	0.000010	0.165033	0.098791	0.005155
209	BUR-158	0.003005	0.080178	0.605759	0.063203	0.001529	0.003983	0.151992	0.089286	0.001066
213	BUR-215	0.016019	0.072276	0.576370	0.053421	0.021935	0.002653	0.148343	0.103604	0.005378
214	BUR-217	0.026917	0.060364	0.563085	0.056112	0.009647	0.003837	0.155646	0.124382	0.000010
216	BUR-238	0.005293	0.076352	0.608449	0.046893	0.004038	0.000171	0.157322	0.096591	0.004890
217	BUR-255	0.011479	0.067993	0.599131	0.062648	0.004969	0.000959	0.150389	0.102422	0.000010
220	BUR-382	0.017683	0.059539	0.575452	0.080170	0.000010	0.000010	0.152687	0.107782	0.006667
221	BUR-415	0.017199	0.067601	0.577106	0.046262	0.005897	0.002975	0.156592	0.117901	0.008468
222	BUR-500	0.028437	0.059709	0.573099	0.076442	0.002279	0.000010	0.132112	0.127502	0.000411
224	BUR-562	0.000013	0.062565	0.603936	0.060156	0.003969	0.001814	0.148730	0.118807	0.000010
226	BUR-578	0.000010	0.058046	0.595254	0.076975	0.000010	0.000010	0.145249	0.115179	0.009267
227	BUR-587	0.022616	0.069387	0.577247	0.065439	0.016352	0.000010	0.136491	0.112449	0.000010
229	BUR-594	0.008841	0.072516	0.550441	0.050901	0.000010	0.006238	0.179643	0.128940	0.002470
230	BUR-599	0.015342	0.062395	0.567895	0.072303	0.019903	0.003679	0.142111	0.116361	0.000010
231	BUR-605	0.019884	0.070786	0.565089	0.077587	0.014449	0.000010	0.143800	0.105295	0.003100
233	BUR-645	0.020389	0.065399	0.596858	0.048449	0.001300	0.002026	0.151289	0.114279	0.000010
235	BUR-694	0.011149	0.061026	0.570038	0.082144	0.010281	0.004589	0.133879	0.122798	0.004096
236	BUR-706	0.007128	0.069094	0.612354	0.040513	0.001842	0.009248	0.152111	0.107701	0.000010
237	BUR-707	0.050275	0.049264	0.539117	0.068425	0.010020	0.004641	0.139376	0.138277	0.000606
238	CHRK-544	0.409089	0.014598	0.072749	0.150364	0.015921	0.005067	0.028588	0.303615	0.000010
239	DAG-090	0.389660	0.020049	0.055909	0.157670	0.002305	0.010776	0.034028	0.329593	0.000010
242	DAG-124	0.379910	0.023577	0.036294	0.173033	0.011804	0.004381	0.006193	0.364799	0.000010
243	DAG-127	0.397964	0.019884	0.056524	0.165207	0.000016	0.000014	0.015237	0.345144	0.000010
244	DAG-146	0.358471	0.028030	0.050296	0.193355	0.007151	0.000010	0.007518	0.352149	0.003020
245	DAG-147	0.388933	0.023694	0.040127	0.177654	0.011034	0.005524	0.013647	0.339376	0.000010
248	DAG-161	0.380000	0.018143	0.052356	0.195567	0.004089	0.004249	0.017238	0.328348	0.000010
249	DAG-165	0.350466	0.018555	0.054959	0.202904	0.007030	0.000010	0.015413	0.347151	0.003512
250	DAG-178	0.356461	0.038637	0.043726	0.198235	0.000144	0.000010	0.016389	0.342221	0.004177
253	DAG-200	0.376301	0.036602	0.030533	0.182390	0.000010	0.000010	0.014289	0.353480	0.006384
254	DAG-205	0.375275	0.034505	0.027724	0.172700	0.000010	0.010226	0.023148	0.356402	0.000010
257	DAG-211	0.357114	0.035918	0.036565	0.188459	0.014054	0.000010	0.005671	0.362199	0.000010
259	DAG-225	0.362665	0.034683	0.041113	0.190387	0.009073	0.000336	0.016049	0.345684	0.000010
261	DAG-232	0.377890	0.026142	0.047383	0.178554	0.000010	0.000010	0.021234	0.343444	0.005332
262	DAG-325	0.382783	0.041757	0.033221	0.180977	0.007197	0.004098	0.005749	0.343010	0.001206
264	DAG-336	0.357533	0.032117	0.055529	0.189243	0.000015	0.000010	0.007627	0.356658	0.001267
265	DAG-344	0.364613	0.030241	0.047698	0.195957	0.003060	0.000010	0.013977	0.340032	0.004413
266	DAG-350	0.368328	0.021273	0.054816	0.169972	0.003370	0.001096	0.009797	0.365009	0.006338
268	DAG-372	0.382539	0.019310	0.030480	0.193327	0.000010	0.000010	0.017064	0.351393	0.005867
271	DAG-390	0.387915	0.041365	0.040602	0.173764	0.007033	0.006275	0.020918	0.322118	0.000010
272	DAG-400	0.362030	0.028697	0.048940	0.178822	0.000824	0.000010	0.031898	0.348769	0.000010
275	DAG-461	0.375825	0.024832	0.038589	0.170508	0.000012	0.000010	0.025199	0.365014	0.000010
276	DAG-474	0.378025	0.028324	0.038150	0.175710	0.006761	0.000010	0.016575	0.352140	0.004305
277	DAG-477	0.379135	0.016776	0.063473	0.200021	0.000010	0.000010	0.009938	0.330627	0.000010
279	DAG-492	0.358850	0.021477	0.025013	0.184091	0.004042	0.007726	0.035688	0.363103	0.000010
281	DAG-515	0.371483	0.021893	0.038161	0.187391	0.010291	0.007540	0.027950	0.335281	0.000010
283	DAG06-260	0.373362	0.032147	0.033909	0.167400	0.010384	0.004490	0.016285	0.362013	0.000010
284	DAG06-261	0.387438	0.033619	0.041327	0.191431	0.000012	0.001205	0.000011	0.344948	0.000010
285	DAG06-262	0.360990	0.022245	0.044565	0.195822	0.000220	0.000010	0.020313	0.353031	0.002804
287	DAG06-786	0.383913	0.040007	0.012143	0.178710	0.000010	0.000010	0.024137	0.356913	0.004156
288	DAG06-824	0.385824	0.041234	0.030749	0.177439	0.014737	0.001481	0.003161	0.345365	0.000010
289	DAG06-826	0.344307	0.037320	0.026148	0.207032	0.000010	0.000506	0.028523	0.353386	0.002768
290	DAG06-830	0.382607	0.025184	0.053102	0.187589	0.001782	0.000017	0.000010	0.343255	0.006453
291	EV-004	0.000010	0.114139	0.638287	0.036211	0.017173	0.001633	0.122262	0.070274	0.000010
294	EV-040	0.000010	0.104031	0.647719	0.028143	0.019719	0.001717	0.116873	0.080548	0.001240
296	EV-050	0.000010	0.095872	0.594308	0.075953	0.010221	0.000825	0.114038	0.101103	0.007670
302	EV-132	0.011528	0.061311	0.602390	0.048293	0.008589	0.009923	0.159420	0.098537	0.000010
307	EZI-001	0.472633	0.019401	0.023129	0.083040	0.000010	0.012156	0.020957	0.363631	0.005043
308	EZI-010	0.463041	0.020105	0.037361	0.095570	0.003830	0.002061	0.018855	0.341134	0.018043
316	GAG-183	0.426436	0.018698	0.002361	0.254060	0.020295	0.006345	0.021138	0.248454	0.002212
317	GAG-187	0.446873	0.018354	0.028238	0.222748	0.013322	0.000035	0.023252	0.247167	0.000010
319	GAG-189	0.442147	0.025094	0.016441	0.213520	0.007616	0.008602	0.032160	0.254410	0.000010
320	GAG-196	0.421156	0.017002	0.025349	0.244479	0.009304	0.006197	0.034932	0.241571	0.000010
321	GAG-215	0.432704	0.007086	0.037535	0.234308	0.000010	0.000010	0.028735	0.245204	0.014409
323	GAG-221	0.440605	0.000014	0.055537	0.216697	0.003941	0.000010	0.025156	0.258031	0.000010
324	GAG-226	0.475307	0.007263	0.034377	0.201565	0.004505	0.001771	0.015497	0.243836	0.015878
326	GEO-005	0.502205	0.014233	0.051016	0.091606	0.000010	0.000468	0.031494	0.308949	0.000018
330	GEO-028	0.502150	0.000533	0.038559	0.103431	0.000643	0.004976	0.025518	0.324179	0.000010
332	GEO-032	0.521825	0.005612	0.024040	0.096762	0.000010	0.003606	0.015648	0.329510	0.002986
333	GEO-039	0.508567	0.013188	0.006461	0.087114	0.007898	0.006275	0.012819	0.354382	0.003298
334	GEO-051	0.530413	0.003089	0.023982	0.075563	0.000632	0.006499	0.025079	0.334733	0.000010
340	ING-1168	0.418723	0.029483	0.054342	0.145547	0.001808	0.003825	0.012794	0.330884	0.002595
341	ING-1169	0.406700	0.013651	0.060127	0.148480	0.007892	0.000010	0.036503	0.326627	0.000010
342	ING-1176	0.438268	0.006887	0.044551	0.119127	0.017410	0.000010	0.010771	0.362967	0.000010
348	Kab-5	0.406126	0.000936	0.082796	0.159928	0.005832	0.008191	0.038922	0.297258	0.000010
351	Kab-16	0.419977	0.020108	0.076824	0.151350	0.001460	0.003819	0.016879	0.309573	0.000010
352	Kab-18	0.387972	0.029533	0.109055	0.133245	0.004387	0.010560	0.039118	0.286120	0.000010
356	Kab-30	0.404597	0.016896	0.083046	0.158800	0.017393	0.000010	0.020658	0.298591	0.000010
357	KAR-005	0.233048	0.014176	0.085158	0.401663	0.021134	0.001897	0.022212	0.218922	0.001790
358	KAR-008	0.295876	0.031558	0.053206	0.365975	0.005250	0.001888	0.038652	0.207587	0.000010
362	KAR-046	0.241124	0.041961	0.069709	0.377730	0.015915	0.004931	0.023796	0.221592	0.003241
363	KAR-050	0.213911	0.035414	0.085733	0.417051	0.009902	0.013129	0.024406	0.200444	0.000010
367	KAR-087	0.230769	0.031095	0.089264	0.387261	0.014864	0.000010	0.029335	0.216940	0.000462
369	KAR-105	0.246816	0.038436	0.065784	0.385708	0.000010	0.000010	0.036186	0.218433	0.008616
373	KAR-157	0.228256	0.041632	0.081581	0.406528	0.004905	0.002895	0.032161	0.202032	0.000010
374	KAR-165	0.240054	0.035690	0.088980	0.368809	0.000826	0.000010	0.020090	0.243982	0.001558
375	KAR-167	0.228142	0.047486	0.084560	0.387700	0.000010	0.000011	0.022981	0.229099	0.000010
376	KAR-173	0.248146	0.026912	0.070106	0.366365	0.019381	0.005733	0.021542	0.241804	0.000010
379	KAR-187	0.228223	0.044955	0.085998	0.388358	0.013725	0.000010	0.030945	0.203652	0.004133
385	KCHE-1294	0.400738	0.035023	0.069790	0.146466	0.013492	0.001772	0.026081	0.306629	0.000010
387	KCHE-1330	0.406266	0.019308	0.071922	0.140053	0.000191	0.002304	0.027511	0.325483	0.006963
389	KCHE-1337	0.423978	0.022571	0.075837	0.133441	0.003497	0.005720	0.020345	0.314601	0.000010
391	KCHE-1444	0.402519	0.016132	0.062353	0.144954	0.000010	0.003569	0.033091	0.337361	0.000010
393	KCHE-1497	0.412421	0.016778	0.063690	0.154669	0.000010	0.008912	0.044942	0.298568	0.000010
394	KCHE-1526	0.437352	0.028846	0.061201	0.132716	0.000010	0.000010	0.030384	0.305006	0.004475
395	KCHE-1527	0.425233	0.006012	0.078942	0.136699	0.000010	0.003541	0.028107	0.321446	0.000010
399	KCHE-1560	0.413143	0.030804	0.079374	0.157486	0.010394	0.000010	0.016247	0.292533	0.000010
401	Khs-005	0.034376	0.096018	0.420654	0.152458	0.006940	0.005172	0.086840	0.197532	0.000010
408	KHS-035	0.029859	0.089948	0.416909	0.159161	0.018968	0.008248	0.078166	0.198732	0.000010
409	KHS-036	0.032798	0.082941	0.413318	0.168094	0.014278	0.005766	0.074342	0.206011	0.002451
411	Khs-119	0.040682	0.080126	0.485714	0.126883	0.015004	0.000010	0.107831	0.140089	0.003661
416	Khs-303	0.023866	0.081107	0.485771	0.114141	0.004520	0.002132	0.134119	0.154333	0.000010
419	Khs-308	0.029703	0.102102	0.462999	0.115129	0.019236	0.002255	0.100250	0.168314	0.000010
422	Khs-403	0.037776	0.065685	0.503469	0.133745	0.007318	0.000010	0.113523	0.135242	0.003233
427	Khs-425	0.117620	0.058376	0.329813	0.205550	0.002002	0.004377	0.099111	0.178422	0.004729
434	KKA-009	0.131649	0.067998	0.402552	0.109446	0.014023	0.012604	0.112936	0.148781	0.000010
435	KKA-011	0.161463	0.063370	0.361189	0.093804	0.011561	0.004954	0.099705	0.197359	0.006594
438	KKA-016	0.164104	0.064876	0.324542	0.133906	0.007346	0.000010	0.113018	0.186946	0.005252
439	KKA-019	0.172668	0.023149	0.356179	0.123638	0.004218	0.004025	0.119743	0.196370	0.000010
440	KKA-023	0.167221	0.056418	0.338784	0.120298	0.005345	0.003482	0.114203	0.192583	0.001665
441	KKA-027	0.131987	0.051884	0.371502	0.128462	0.016691	0.009580	0.100045	0.187769	0.002081
442	KKA-040	0.125359	0.047086	0.370053	0.128802	0.007026	0.004747	0.130659	0.182689	0.003579
444	KKA-046	0.158340	0.044866	0.350098	0.130094	0.014239	0.001262	0.114854	0.186237	0.000010
446	KRD-5	0.488071	0.001359	0.038126	0.085952	0.015532	0.002830	0.026666	0.334500	0.006963
447	KRD-8	0.497757	0.010478	0.016652	0.065758	0.022041	0.004076	0.027147	0.345642	0.010449
450	KRD-40	0.464073	0.015516	0.035513	0.085255	0.004301	0.004566	0.035702	0.351850	0.003224
451	KRD-43	0.494176	0.009734	0.032076	0.076044	0.005161	0.004718	0.029130	0.345259	0.003701
453	KRD-49	0.471020	0.003366	0.032069	0.093635	0.000798	0.001081	0.027363	0.354439	0.016229
456	KZH-1611	0.126102	0.067017	0.427002	0.090213	0.005675	0.000010	0.112917	0.166028	0.005037
459	KZH-1633	0.109112	0.077774	0.423099	0.102487	0.000077	0.000010	0.119608	0.161727	0.006107
460	KZH-1650	0.115312	0.043670	0.409064	0.109828	0.010203	0.000477	0.136853	0.174583	0.000010
461	KZH-1680	0.095171	0.041660	0.442022	0.114283	0.000012	0.000010	0.142119	0.162024	0.002699
462	KZH-1689	0.096351	0.054915	0.435024	0.091136	0.019134	0.000010	0.127620	0.175085	0.000726
465	KZH-1718	0.136105	0.039182	0.405516	0.112226	0.005585	0.001022	0.125430	0.173158	0.001776
467	KZH-1724	0.132049	0.062487	0.391240	0.124139	0.009759	0.000010	0.125666	0.154641	0.000010
469	KZH-1730	0.088431	0.049445	0.449117	0.103196	0.000010	0.010861	0.133640	0.165291	0.000010
471	KZH-1750	0.111433	0.066298	0.412282	0.104731	0.012167	0.000010	0.123628	0.169440	0.000010
472	KZH-1752	0.093428	0.051780	0.413391	0.114031	0.000358	0.000010	0.143267	0.183725	0.000010
473	LPGH-139	0.402710	0.022447	0.076664	0.146498	0.000010	0.001880	0.025342	0.311414	0.013036
475	MOE-001	0.264475	0.028628	0.074201	0.355385	0.012686	0.000010	0.035051	0.223790	0.005774
476	MOE-002	0.259455	0.022015	0.074394	0.341639	0.016661	0.004676	0.045664	0.235487	0.000010
477	MOE-010	0.266004	0.030007	0.084022	0.338377	0.010666	0.000010	0.049655	0.219880	0.001378
479	MOE-015	0.280364	0.024598	0.070017	0.345169	0.011610	0.001690	0.019229	0.247313	0.000010
481	MOE-025	0.283697	0.037731	0.062671	0.334396	0.013503	0.001630	0.019635	0.241635	0.005102
482	MOE-036	0.292490	0.033491	0.073817	0.320648	0.010028	0.010460	0.027720	0.231336	0.000010
486	MOE-445	0.261301	0.025615	0.090209	0.356843	0.002296	0.000010	0.024105	0.231275	0.008347
488	MOE-451	0.267174	0.029623	0.081215	0.351194	0.002848	0.000010	0.038988	0.223301	0.005647
490	MOE-455	0.299072	0.024928	0.076408	0.334532	0.008409	0.000069	0.006397	0.243264	0.006922
493	MOE-491	0.284289	0.032603	0.063071	0.333124	0.008118	0.000713	0.038059	0.233056	0.006966
494	MOE-492	0.248831	0.028999	0.087105	0.372634	0.002238	0.000010	0.027083	0.229134	0.003966
495	MOE-495	0.284963	0.039008	0.036460	0.355302	0.006170	0.003089	0.030818	0.244180	0.000010
496	MOE-497	0.271711	0.037557	0.063470	0.345492	0.017737	0.000010	0.033120	0.230892	0.000010
498	MOL-008	0.439917	0.014553	0.026454	0.237424	0.000049	0.003465	0.024079	0.248582	0.005477
499	MOL-015	0.452209	0.021561	0.043146	0.213233	0.010339	0.003167	0.019090	0.231783	0.005471
504	MOL-066	0.433889	0.000010	0.030199	0.263513	0.000010	0.000010	0.032741	0.231313	0.008315
508	MON-0023	0.013119	0.062940	0.563440	0.057857	0.007093	0.007093	0.169648	0.113998	0.004812
509	MON-0045	0.008493	0.055180	0.581946	0.057317	0.013162	0.000010	0.176282	0.107599	0.000010
511	MON-0089	0.027078	0.061496	0.578057	0.035159	0.012509	0.001406	0.181263	0.097906	0.005126
516	MON-0281	0.030003	0.050038	0.620482	0.046079	0.008923	0.000017	0.167600	0.076848	0.000010
517	MON-0292	0.031886	0.100280	0.543699	0.059386	0.016179	0.005462	0.136581	0.105183	0.001343
518	MON-0299	0.020490	0.043735	0.592579	0.061378	0.000010	0.000010	0.171666	0.106666	0.003465
520	MON-0312	0.009953	0.055402	0.592746	0.060901	0.000010	0.001633	0.167443	0.101912	0.010002
521	MON-0328	0.010011	0.057039	0.590529	0.047743	0.003993	0.010130	0.188550	0.091995	0.000010
524	MON-0348	0.027613	0.068228	0.581944	0.054704	0.008175	0.010383	0.148973	0.095358	0.004623
525	MON-0352	0.020043	0.049260	0.591013	0.050004	0.018171	0.004835	0.179930	0.086735	0.000010
531	MON-0441	0.030003	0.053772	0.591104	0.050291	0.007705	0.004013	0.165295	0.097807	0.000010
535	MON-0465	0.026384	0.058017	0.615068	0.034370	0.010592	0.006417	0.157813	0.085857	0.005482
538	MON-232	0.022821	0.078754	0.574070	0.063109	0.000010	0.002044	0.153088	0.106094	0.000010
543	NOG-18	0.163367	0.031087	0.360412	0.125393	0.000010	0.000010	0.107618	0.207881	0.004221
544	NOG-19	0.131039	0.046379	0.381665	0.140568	0.005373	0.001137	0.120905	0.172924	0.000010
545	NOG-21	0.138628	0.072900	0.370356	0.127262	0.002913	0.000010	0.120020	0.166925	0.000987
546	NOG-42	0.142955	0.053070	0.365604	0.158102	0.000014	0.000010	0.114156	0.148322	0.017766
550	NOG-130	0.138634	0.041547	0.422950	0.114223	0.015376	0.000010	0.118715	0.148535	0.000010
552	NOG-217	0.176166	0.041278	0.344627	0.126753	0.013501	0.002090	0.092822	0.201038	0.001724
557	OCE-058	0.418651	0.005706	0.080671	0.122905	0.008310	0.000010	0.021057	0.342680	0.000010
558	OCE-155	0.433801	0.015808	0.064742	0.132761	0.000010	0.000010	0.030733	0.316031	0.006104
561	OCE-195	0.449193	0.010551	0.052831	0.121593	0.000010	0.002145	0.026259	0.327750	0.009667
562	OCE-224	0.444038	0.000185	0.061229	0.124449	0.000019	0.000010	0.026240	0.334777	0.009053
567	Rakr-341	0.252899	0.034846	0.078551	0.362859	0.005671	0.000010	0.043686	0.221273	0.000204
569	Rakrlsh-002	0.203141	0.030498	0.118778	0.372363	0.013432	0.000010	0.033674	0.226013	0.002091
570	Rakrlsh-140	0.232767	0.044212	0.108846	0.353260	0.006473	0.001941	0.040442	0.205260	0.006799
571	Rakrlsh-143	0.210888	0.042221	0.117389	0.346260	0.001317	0.000010	0.031418	0.245913	0.004583
574	Rbgp-200	0.320058	0.025937	0.050345	0.356716	0.000010	0.000010	0.021532	0.225381	0.000010
577	Rbgp-205	0.331752	0.014073	0.043734	0.351981	0.017649	0.000010	0.017422	0.223368	0.000010
579	Rkbo-12	0.318762	0.029755	0.026336	0.361067	0.000010	0.000010	0.042160	0.219758	0.002143
582	Rkbo-58	0.312719	0.021535	0.042875	0.374992	0.012052	0.000010	0.012217	0.223591	0.000010
585	Rksh-407	0.309916	0.037006	0.063369	0.327844	0.001350	0.007915	0.019686	0.226698	0.006216
587	Rkuch-03	0.300520	0.018553	0.045239	0.375099	0.000531	0.012358	0.019810	0.226481	0.001410
588	Rkuch-05	0.298366	0.023738	0.037232	0.361826	0.014348	0.000010	0.026836	0.233819	0.003824
589	Rkuch-53	0.337291	0.026357	0.039321	0.326418	0.008674	0.000010	0.026975	0.232513	0.002442
590	Rkuch-58	0.305584	0.024459	0.027682	0.342249	0.009494	0.002047	0.041780	0.246696	0.000010
591	Rorl-102	0.276696	0.020781	0.064122	0.362404	0.015919	0.005088	0.029392	0.225587	0.000010
593	Rorl-114	0.343332	0.026691	0.041894	0.332804	0.013801	0.000010	0.016002	0.225456	0.000010
594	Rorl-155	0.329332	0.037760	0.026847	0.338290	0.005808	0.003267	0.023270	0.230249	0.005178
595	RPin-114	0.232343	0.054145	0.097488	0.374731	0.019434	0.006249	0.015838	0.192297	0.007476
596	RPin-123	0.224524	0.039309	0.100432	0.364118	0.017467	0.000346	0.027537	0.226257	0.000010
598	RPin-145	0.217883	0.042673	0.093032	0.370776	0.007076	0.006168	0.033564	0.216561	0.012266
599	RPin-151	0.217481	0.048197	0.086999	0.385118	0.014555	0.000010	0.031343	0.204987	0.011310
601	Rps-002	0.310007	0.046045	0.016132	0.359075	0.001723	0.000010	0.030968	0.227853	0.008187
602	Rps-004	0.292809	0.018980	0.018991	0.362923	0.018789	0.000230	0.022569	0.260405	0.004303
604	Rps-012	0.296057	0.016716	0.044400	0.390091	0.007468	0.002670	0.019529	0.212968	0.010100
606	Rps-091	0.321956	0.016005	0.058812	0.350177	0.011366	0.001640	0.021455	0.211000	0.007590
607	Rps-098	0.285640	0.041068	0.029569	0.363858	0.010875	0.000010	0.016490	0.244004	0.008485
609	Rrzm-10	0.304660	0.026667	0.049688	0.341983	0.005846	0.009562	0.020526	0.231451	0.009616
610	Rrzm-13	0.281936	0.039043	0.052141	0.347464	0.018804	0.005615	0.012220	0.242766	0.000010
612	Rrzm-83	0.326519	0.034577	0.031728	0.324050	0.018803	0.005938	0.034127	0.224247	0.000010
618	Rrzs-58	0.312775	0.024742	0.043547	0.333871	0.008042	0.000013	0.029809	0.247191	0.000010
620	Rrzs-88	0.306552	0.042588	0.044885	0.347832	0.014686	0.008410	0.018947	0.214894	0.001207
621	Rsm-103	0.320273	0.017449	0.044853	0.337508	0.005189	0.000010	0.027066	0.247643	0.000010
623	Rsm-166	0.309762	0.023249	0.026225	0.356164	0.008203	0.011372	0.012499	0.252517	0.000010
624	Rsm-171	0.315409	0.025600	0.021052	0.366587	0.016025	0.008851	0.017346	0.229121	0.000010
625	Rsm-176	0.339302	0.041684	0.032030	0.329603	0.000010	0.001940	0.020230	0.227919	0.007282
630	RYAR-232	0.297683	0.039408	0.040635	0.370461	0.018285	0.000010	0.015768	0.216038	0.001713
632	Shap-156	0.442720	0.007942	0.048313	0.131174	0.004773	0.000010	0.021593	0.343465	0.000010
633	Shap-225	0.447951	0.017244	0.068386	0.129761	0.000836	0.002888	0.015749	0.311351	0.005833
634	Shor-202	0.021689	0.073613	0.418024	0.192472	0.020813	0.000010	0.076587	0.196781	0.000010
635	Shor-204	0.049060	0.089927	0.408225	0.161733	0.009209	0.000010	0.078067	0.203757	0.000010
636	Shor-209	0.035830	0.093885	0.408223	0.175780	0.017968	0.000010	0.075871	0.192423	0.000010
637	Shor-262	0.051739	0.104944	0.392110	0.148624	0.012462	0.000564	0.081446	0.199224	0.008887
638	Shor-263	0.038344	0.086015	0.423587	0.166490	0.009605	0.008464	0.073108	0.194376	0.000010
639	Shor-292	0.038727	0.090863	0.415906	0.155736	0.021364	0.006275	0.079703	0.188086	0.003340
641	STA-003	0.135778	0.082094	0.301113	0.178625	0.009632	0.002695	0.089674	0.200378	0.000010
642	STA-004	0.131254	0.057802	0.300235	0.175053	0.024404	0.003250	0.096857	0.211137	0.000010
646	STA-116	0.140975	0.071037	0.304241	0.181348	0.010834	0.006953	0.082840	0.201763	0.000010
647	STA-120	0.190072	0.077972	0.279118	0.169930	0.000010	0.001895	0.058360	0.222633	0.000010
649	STA-126	0.162568	0.070290	0.254148	0.222487	0.014678	0.010232	0.069965	0.195621	0.000010
651	STA-205	0.137703	0.068521	0.290748	0.204527	0.002818	0.000010	0.073578	0.222085	0.000010
652	STA-211	0.145107	0.084186	0.293489	0.162609	0.011182	0.000010	0.094477	0.203514	0.005426
653	STA-212	0.120299	0.073114	0.326707	0.178464	0.013410	0.004972	0.085683	0.197342	0.000010
654	STA-237	0.097888	0.067064	0.358860	0.178119	0.006233	0.000010	0.088155	0.203663	0.000010
655	STA-265	0.123696	0.078786	0.341452	0.171160	0.000014	0.000010	0.066619	0.218254	0.000010
656	STA-297	0.117487	0.080371	0.343458	0.179801	0.009591	0.004558	0.075601	0.187398	0.001736
657	STA-300	0.149934	0.076534	0.330249	0.156386	0.003521	0.001855	0.096000	0.185509	0.000010
658	STA-304	0.154868	0.073639	0.289640	0.209456	0.001244	0.001916	0.075408	0.193821	0.000010
660	STA-309	0.131178	0.083670	0.320396	0.166672	0.003569	0.003776	0.105719	0.185011	0.000010
661	STA-357	0.075085	0.080786	0.316611	0.198655	0.014827	0.008384	0.080557	0.225086	0.000010
663	STA-366	0.067148	0.096900	0.329645	0.218084	0.018285	0.006115	0.065790	0.193498	0.004533
664	STA-434	0.091105	0.090480	0.327723	0.195807	0.015861	0.002442	0.061235	0.206744	0.008604
666	TJ-0080	0.317488	0.027737	0.106444	0.116098	0.007375	0.001366	0.084901	0.338004	0.000585
667	TJ-0086	0.296312	0.031141	0.113957	0.122106	0.000010	0.009473	0.075433	0.351557	0.000010
670	TJ-032	0.086652	0.057543	0.446533	0.084645	0.000010	0.008613	0.146081	0.169912	0.000010
671	TJ-038	0.068008	0.062390	0.432181	0.108807	0.007198	0.000010	0.131176	0.188451	0.001779
674	TJ-0155	0.287217	0.031889	0.121440	0.138083	0.013183	0.000010	0.070714	0.335173	0.002291
676	TJ-0486	0.309760	0.042307	0.128011	0.126376	0.000016	0.002208	0.049144	0.342169	0.000010
677	TJ-0495	0.262700	0.034555	0.143205	0.149292	0.000010	0.000010	0.087562	0.320628	0.002038
678	TJ-0500	0.268259	0.035673	0.088418	0.123116	0.011846	0.004960	0.077340	0.384846	0.005542
679	TJ-0517	0.287849	0.046909	0.110068	0.150122	0.003923	0.001107	0.052771	0.347241	0.000010
681	TJ-0573	0.273924	0.044581	0.097748	0.152020	0.000016	0.000010	0.072782	0.352132	0.006787
684	TJ-0688	0.288416	0.043751	0.094346	0.144688	0.003862	0.000010	0.069031	0.351077	0.004819
689	TJ-0984	0.313989	0.039093	0.136216	0.133119	0.010324	0.000010	0.048811	0.318428	0.000010
690	TJ-0986	0.267814	0.028252	0.135178	0.155511	0.018337	0.000014	0.064442	0.330440	0.000010
694	TTR-094	0.240967	0.059470	0.147561	0.266245	0.010543	0.004024	0.048994	0.218057	0.004140
695	TTR-097	0.226217	0.038051	0.134319	0.306626	0.001965	0.011767	0.053841	0.226891	0.000323
696	TTR-201	0.236907	0.060005	0.144892	0.254035	0.021574	0.000010	0.051691	0.223028	0.007859
697	TTR-217	0.238090	0.047904	0.145331	0.279506	0.006188	0.002010	0.041277	0.239683	0.000010
699	TTR-244	0.226067	0.048732	0.165724	0.277447	0.009415	0.000010	0.043514	0.225413	0.003678
701	TTR-249	0.259149	0.024414	0.147290	0.268584	0.000010	0.000716	0.060297	0.234232	0.005306
702	TTR-250	0.245357	0.039815	0.153256	0.277390	0.000010	0.009732	0.031238	0.243192	0.000010
703	TTR-271	0.269100	0.047499	0.101223	0.296437	0.001307	0.002501	0.044201	0.237722	0.000010
704	TTR-272	0.259197	0.025256	0.126331	0.303389	0.002171	0.004146	0.041515	0.235415	0.002580
705	TTR-330	0.206157	0.021946	0.188525	0.306001	0.010555	0.000010	0.029059	0.233244	0.004503
706	TTR-356	0.290331	0.041384	0.119560	0.286440	0.003024	0.000054	0.038935	0.216150	0.004121
707	TTR-359	0.232768	0.036179	0.160878	0.301228	0.002640	0.000598	0.031510	0.230694	0.003504
709	TTR-436	0.263925	0.029525	0.128291	0.293857	0.003257	0.000010	0.051535	0.229590	0.000010
710	TTR-460	0.251569	0.027609	0.122575	0.282683	0.014225	0.007168	0.044716	0.244545	0.004909
713	Ttr-473	0.240292	0.045565	0.123860	0.304575	0.008358	0.008883	0.041407	0.227051	0.000010
715	Ttr-481	0.195236	0.063009	0.167955	0.312611	0.012735	0.000010	0.035595	0.208937	0.003911
716	TTR-493	0.231021	0.032860	0.171459	0.264174	0.023938	0.000017	0.050851	0.225671	0.000010
717	TTR-501	0.242308	0.038219	0.171228	0.254231	0.012681	0.007685	0.046227	0.227412	0.000010
719	TTR-514	0.243318	0.037655	0.151739	0.279100	0.000010	0.001817	0.051409	0.234942	0.000010
720	Ttr-568	0.240454	0.044982	0.170785	0.275000	0.009957	0.000974	0.044140	0.213699	0.000010
721	Ttr-569	0.261166	0.022487	0.115084	0.338256	0.000010	0.006236	0.034971	0.218587	0.003204
724	TUV-024	0.000010	0.082197	0.536438	0.108766	0.012530	0.004134	0.130109	0.125806	0.000010
727	TUV-062	0.000010	0.079395	0.560286	0.086616	0.011844	0.000010	0.126646	0.132854	0.002340
729	TUV-096	0.010215	0.075746	0.554169	0.090988	0.000015	0.003073	0.130750	0.135036	0.000010
734	TUV-349	0.014208	0.082876	0.529475	0.098156	0.013331	0.000131	0.118604	0.137216	0.006003
739	UDM-138	0.145386	0.063091	0.196383	0.290498	0.016266	0.000019	0.046147	0.242201	0.000010
742	UDM-255	0.184280	0.071113	0.168125	0.292290	0.005462	0.004118	0.032687	0.241914	0.000010
743	UDM-256	0.170352	0.075035	0.178095	0.276336	0.007208	0.000010	0.034146	0.248404	0.010415
747	UDM-335	0.189770	0.054653	0.195000	0.282936	0.000010	0.006925	0.026714	0.243982	0.000010
753	UKR-1291	0.319035	0.028869	0.024367	0.363437	0.015654	0.000010	0.016829	0.230500	0.001298
756	UKR-1399	0.332555	0.034918	0.018330	0.357826	0.010209	0.000010	0.023158	0.214793	0.008201
757	UKR-1903	0.320218	0.019559	0.037708	0.347663	0.009078	0.002397	0.034273	0.227411	0.001692
758	UKR-1909	0.304931	0.025713	0.032987	0.369197	0.004463	0.000010	0.025950	0.236738	0.000010
759	UKR-1913	0.335371	0.000010	0.042382	0.336576	0.018124	0.006738	0.028508	0.228244	0.004047
762	UKR-1992	0.318745	0.027754	0.032351	0.370592	0.011547	0.006745	0.021785	0.210470	0.000010
763	UKR-2021	0.339870	0.018650	0.019921	0.343463	0.011906	0.005876	0.036544	0.223761	0.000010
764	UZB-229	0.194532	0.038555	0.276138	0.116918	0.002224	0.004009	0.125682	0.236206	0.005736
766	UZB-234	0.237951	0.039025	0.238347	0.125849	0.014800	0.000807	0.093401	0.248271	0.001549
767	UZB-235	0.200400	0.034103	0.236259	0.127320	0.007329	0.007219	0.092084	0.295162	0.000124
769	UZB-237	0.224263	0.043549	0.238573	0.135806	0.000016	0.007062	0.092671	0.258049	0.000010
770	UZB-238	0.232125	0.051995	0.228334	0.095779	0.013855	0.000661	0.092897	0.284344	0.000010
772	UZB-246	0.210359	0.053962	0.239103	0.127437	0.006528	0.001549	0.097656	0.254295	0.009110
779	UZB-307	0.322741	0.036411	0.116197	0.126827	0.000010	0.004271	0.060997	0.321441	0.011105
780	UZB-308	0.173098	0.050855	0.295172	0.144472	0.016382	0.000010	0.078005	0.241995	0.000010
781	UZB-400	0.029924	0.016667	0.564671	0.038097	0.031801	0.001885	0.245003	0.068828	0.003124
782	UZB-401	0.032457	0.018317	0.579542	0.017747	0.012763	0.000649	0.249887	0.088629	0.000010
783	UZB-410	0.027062	0.024712	0.574795	0.033257	0.011418	0.000851	0.257312	0.070583	0.000010
787	UZB-416	0.030019	0.031485	0.583156	0.029341	0.004099	0.000010	0.240113	0.071422	0.010355
788	UZB-417	0.040011	0.026351	0.551573	0.022851	0.015491	0.000015	0.259976	0.083720	0.000010
789	UZB-420	0.040092	0.037310	0.544016	0.030880	0.022115	0.007164	0.240329	0.078083	0.000010
792	UZB-425	0.051851	0.036734	0.580759	0.024062	0.000011	0.000010	0.254532	0.052030	0.000010
802	SA064	0.055991	0.004487	0.002673	0.042286	0.002378	0.607531	0.029218	0.044877	0.210560
803	SA073	0.043920	0.007253	0.018538	0.004340	0.005709	0.619182	0.012889	0.035059	0.253109
805	SA078	0.100821	0.022127	0.018031	0.085976	0.000010	0.629565	0.002210	0.055515	0.085745
806	SA083	0.129435	0.011545	0.009823	0.045385	0.015472	0.569414	0.029274	0.093751	0.095902
807	Yuk_009	0.000010	0.109384	0.603569	0.047704	0.017723	0.000821	0.099396	0.119867	0.001526
808	Yuk_025	0.000010	0.139463	0.573469	0.047580	0.005453	0.000010	0.127007	0.106998	0.000010
811	Yuk_022	0.000010	0.166745	0.568410	0.038992	0.007718	0.000010	0.123647	0.094458	0.000010
812	Yuk_020	0.000010	0.211249	0.536336	0.054833	0.010764	0.003328	0.100537	0.082932	0.000010
814	MC_40	0.000010	0.330554	0.433524	0.031479	0.009130	0.001399	0.105719	0.088174	0.000010
816	Nesk_25	0.000010	0.397033	0.397143	0.043289	0.018358	0.000533	0.071511	0.070311	0.001813
817	Yuk_023	0.000010	0.172141	0.589157	0.031897	0.015288	0.000010	0.104645	0.084669	0.002183
818	MC_16	0.000010	0.285989	0.473527	0.041391	0.016422	0.000973	0.099771	0.081907	0.000010
828	MC_25	0.000010	0.273007	0.496542	0.035838	0.009835	0.000785	0.096001	0.085428	0.002554
830	Yuk_011	0.001612	0.079212	0.615041	0.069089	0.008935	0.000010	0.130581	0.095511	0.000010
831	Nesk_22	0.000010	0.409172	0.374595	0.042364	0.015919	0.000010	0.075051	0.079300	0.003578
834	MC_17	0.000010	0.288557	0.472026	0.034478	0.000010	0.000010	0.114798	0.090101	0.000010
838	MC_06	0.000010	0.255749	0.492821	0.045808	0.003786	0.000813	0.100559	0.097456	0.002998
843	Nesk_23	0.000010	0.380887	0.401123	0.030815	0.015479	0.003654	0.086178	0.081844	0.000010
846	Ul5	0.000010	0.086624	0.651929	0.008221	0.008050	0.004532	0.178096	0.062527	0.000010
851	Tuba20	0.049467	0.094484	0.423142	0.148745	0.003741	0.006993	0.054710	0.218707	0.000010
854	Nlk16	0.115464	0.066888	0.389519	0.189292	0.000010	0.000010	0.085597	0.153211	0.000010
855	Esk20	0.000010	0.338819	0.433178	0.042810	0.006976	0.000280	0.094095	0.081936	0.001896
857	Kor66	0.000010	0.191126	0.547964	0.037664	0.010633	0.000010	0.122623	0.088336	0.001634
859	Ul33	0.000010	0.082240	0.662708	0.007471	0.010347	0.000010	0.172173	0.065030	0.000010
863	Tuba21	0.027022	0.080194	0.443235	0.159363	0.003329	0.004555	0.062991	0.214698	0.004614
864	Tuba29	0.030211	0.084378	0.438368	0.171443	0.019011	0.000010	0.061999	0.194569	0.000010
866	Nlk18	0.000010	0.110286	0.619947	0.028751	0.011697	0.000010	0.122989	0.105049	0.001261
867	Esk29	0.000010	0.358654	0.445260	0.041967	0.004204	0.000010	0.080341	0.068379	0.001176
875	Tuba22	0.049330	0.093820	0.430719	0.165143	0.014006	0.000010	0.043522	0.203441	0.000010
876	Tuba30	0.050125	0.093376	0.432958	0.136602	0.003268	0.000010	0.093067	0.190583	0.000010
882	Ul10	0.000010	0.081572	0.662631	0.004662	0.009538	0.003573	0.197286	0.040585	0.000143
886	Tuba15	0.049312	0.066654	0.439788	0.162965	0.000012	0.000010	0.063282	0.206700	0.011277
888	Tuba31	0.037615	0.075965	0.432900	0.170863	0.013387	0.000010	0.051003	0.218248	0.000010
889	Nlk5	0.072765	0.071718	0.434034	0.166183	0.011452	0.000010	0.112272	0.131555	0.000010
892	Kor40	0.000010	0.212060	0.517714	0.039528	0.006410	0.003283	0.108986	0.111999	0.000010
898	Tuba16	0.017689	0.080521	0.453739	0.167124	0.005860	0.009234	0.064868	0.200956	0.000010
901	Nlk6	0.000010	0.086761	0.540398	0.117641	0.000012	0.000010	0.129490	0.125668	0.000010
903	Sir77	0.000010	0.385879	0.398252	0.024095	0.003924	0.000010	0.094018	0.092252	0.001560
904	Kor49	0.000010	0.217745	0.516321	0.047618	0.012203	0.001997	0.105100	0.092220	0.006788
909	Tuba9	0.039988	0.076011	0.449364	0.167061	0.000013	0.001067	0.071360	0.195126	0.000010
910	Tuba17	0.044816	0.067025	0.454112	0.152119	0.000010	0.006758	0.074049	0.201101	0.000010
917	Ckrd8	0.000010	0.211834	0.562455	0.025446	0.004844	0.000014	0.111258	0.084128	0.000010
920	Tuba2	0.056693	0.075537	0.399514	0.186060	0.014312	0.000010	0.059588	0.208276	0.000010
