Populations	GRC	Mediterranean	Native American	Northeast Asian	Northern European	Oceanian	Southern African	Southeast Asian	Southwest Asian	Subsaharan African
4	MAL-012	0.010107	0.004030	0.000010	0.000010	0.001889	0.117148	0.012945	0.008519	0.845342
7	MAL-018	0.010834	0.004743	0.002664	0.006211	0.000010	0.122626	0.000010	0.007344	0.845557
8	MAL-019	0.013274	0.003771	0.000010	0.001263	0.003229	0.110683	0.003605	0.008297	0.855868
12	MAL-026	0.010428	0.000010	0.006189	0.008375	0.000010	0.124093	0.008440	0.004983	0.837472
13	MAL-028	0.009193	0.002851	0.007481	0.003997	0.000010	0.121743	0.002402	0.008928	0.843394
14	MAL-032	0.004063	0.005206	0.000010	0.004047	0.001574	0.103017	0.011378	0.011546	0.859159
15	MAL-043	0.007723	0.000010	0.000194	0.006281	0.002489	0.116387	0.017959	0.000010	0.848946
17	MAL-047	0.011858	0.001169	0.000010	0.003651	0.000010	0.117240	0.005002	0.018449	0.842612
18	MAL-050	0.014194	0.007372	0.000010	0.004472	0.002716	0.122585	0.005855	0.004286	0.838509
20	MAL-059	0.011779	0.004090	0.000010	0.002044	0.001910	0.119514	0.005945	0.007509	0.847199
24	MAL-079	0.026361	0.000010	0.000010	0.000010	0.006233	0.120262	0.003387	0.009869	0.833858
26	MAL-099	0.021482	0.001094	0.000010	0.000010	0.004213	0.112212	0.006052	0.006757	0.848170
28	MAL-112	0.006734	0.010281	0.000010	0.002815	0.005542	0.131545	0.000010	0.013220	0.829843
30	MAL-124	0.004737	0.002340	0.001263	0.000010	0.000010	0.112987	0.008516	0.020735	0.849403
31	MAL-136	0.007042	0.005694	0.007848	0.000010	0.005428	0.119290	0.006129	0.000010	0.848548
33	MAL-197	0.013326	0.003147	0.000010	0.001932	0.001287	0.118128	0.015043	0.010404	0.836722
34	MAL-206	0.007778	0.000877	0.000010	0.004852	0.000010	0.113128	0.015331	0.010029	0.847985
35	ABA-035	0.401565	0.025255	0.072266	0.138820	0.007360	0.000010	0.028403	0.326312	0.000010
38	ABA-056	0.394359	0.021061	0.074244	0.152479	0.007698	0.000010	0.033205	0.308475	0.008469
40	ABA-069	0.427878	0.032589	0.071552	0.131072	0.009425	0.000010	0.022883	0.299665	0.004925
44	ABA-091	0.437806	0.018221	0.062211	0.138216	0.000010	0.000622	0.024262	0.318641	0.000010
46	ABA-100	0.414256	0.005004	0.092327	0.138991	0.000010	0.004994	0.026909	0.317498	0.000010
49	Adg-194	0.439511	0.006158	0.073757	0.138514	0.000010	0.002679	0.035493	0.295480	0.008397
51	Adg-224	0.444553	0.028355	0.067057	0.132323	0.002871	0.000010	0.014594	0.310227	0.000010
55	ALT-082	0.103170	0.067391	0.311996	0.231006	0.001054	0.002497	0.054692	0.221674	0.006521
58	ALT-093	0.040634	0.083682	0.421505	0.174790	0.000010	0.006798	0.049656	0.221431	0.001494
59	ALT-116	0.055556	0.068728	0.388991	0.187842	0.015096	0.000010	0.067703	0.207866	0.008208
64	ALT-168	0.033806	0.086120	0.430526	0.174480	0.015253	0.004623	0.056906	0.193550	0.004736
65	ALT-741	0.038628	0.070873	0.504328	0.091670	0.011681	0.007028	0.129498	0.146285	0.000010
66	ALT-743	0.036578	0.053959	0.535400	0.109819	0.010833	0.000129	0.119999	0.133273	0.000010
67	ALT-744	0.020971	0.065701	0.505187	0.117481	0.016246	0.000010	0.110939	0.163454	0.000010
70	ALT-753	0.019002	0.082188	0.504583	0.118312	0.000939	0.005404	0.119625	0.149937	0.000010
77	ALT-845	0.040006	0.065649	0.433370	0.156088	0.012230	0.000010	0.068891	0.223745	0.000010
78	ALT-846	0.052194	0.067880	0.426860	0.159554	0.000010	0.000010	0.071772	0.221710	0.000010
79	ALT-875	0.038401	0.055077	0.532054	0.103374	0.002514	0.007783	0.110193	0.150594	0.000010
81	ALT-900	0.050892	0.073730	0.514486	0.092001	0.008480	0.000010	0.111252	0.142847	0.006301
82	ALT-916	0.041336	0.071817	0.481627	0.110124	0.017757	0.000010	0.114478	0.162842	0.000010
83	ALT-918	0.048996	0.065983	0.485195	0.105408	0.005237	0.002100	0.128923	0.158149	0.000010
84	ALT-935	0.035396	0.067114	0.500224	0.110087	0.007537	0.001046	0.106993	0.170458	0.001145
88	AMU-039	0.000010	0.103686	0.652507	0.010140	0.015722	0.000010	0.177338	0.038158	0.002429
89	AMU-042	0.000010	0.078764	0.661048	0.000018	0.004750	0.000010	0.204787	0.050604	0.000010
90	AMU-049	0.046779	0.069319	0.475362	0.152670	0.017915	0.000010	0.110963	0.126973	0.000010
91	AMU-052	0.000010	0.090209	0.654404	0.003681	0.016861	0.003617	0.186630	0.044579	0.000010
93	AMU-066	0.000010	0.082416	0.654525	0.012879	0.011428	0.000010	0.187853	0.050364	0.000513
95	AMU-074	0.000010	0.098929	0.656289	0.000010	0.011245	0.002729	0.182452	0.048326	0.000010
96	AMU-139	0.018983	0.098119	0.517106	0.100368	0.006956	0.000010	0.180228	0.078220	0.000010
99	AMU-164	0.000010	0.082370	0.680712	0.002602	0.017847	0.002139	0.171796	0.042515	0.000010
100	AMU-547	0.000010	0.092369	0.665595	0.005682	0.013836	0.000767	0.166156	0.055575	0.000010
105	AMU-561	0.000010	0.084594	0.669498	0.009842	0.000107	0.000010	0.184285	0.050364	0.001290
109	AMU-610	0.000010	0.071712	0.692545	0.000011	0.010016	0.000917	0.166743	0.058036	0.000010
110	AMU-628	0.000010	0.071582	0.677227	0.008857	0.015500	0.004937	0.184703	0.037174	0.000010
112	AMU-636	0.000010	0.072948	0.683934	0.003446	0.011222	0.005422	0.174632	0.047988	0.000398
113	AMU-672	0.097033	0.065814	0.430053	0.139761	0.014972	0.005424	0.128511	0.114166	0.004266
114	AMU-686	0.000010	0.084711	0.668468	0.013806	0.004966	0.000010	0.167464	0.060556	0.000010
124	AZR-0853	0.408614	0.020815	0.045154	0.147418	0.006960	0.000010	0.021524	0.331832	0.017673
126	AZR-0864	0.444683	0.019584	0.069283	0.116450	0.000013	0.000010	0.013937	0.324458	0.011582
127	AZR-0865	0.460332	0.016602	0.040945	0.082657	0.000010	0.008824	0.029754	0.347139	0.013738
128	AZR-0866	0.442225	0.005127	0.063987	0.113132	0.002837	0.002257	0.024030	0.344650	0.001755
130	AZR-0869	0.412354	0.004911	0.063133	0.116106	0.005801	0.003859	0.036160	0.357666	0.000010
132	AZR-1010	0.441763	0.015077	0.059790	0.100632	0.004648	0.006670	0.028784	0.323305	0.019330
133	AZR-1012	0.442635	0.017914	0.090091	0.087995	0.000010	0.002210	0.042955	0.296212	0.019978
134	AZR-1013	0.461644	0.003127	0.059206	0.060264	0.007175	0.000010	0.037297	0.348647	0.022631
136	AZR-1018	0.466321	0.017370	0.050332	0.088809	0.009654	0.017663	0.033180	0.316661	0.000010
139	AZR-1054	0.489557	0.012737	0.062502	0.079504	0.005080	0.002816	0.019134	0.318757	0.009913
142	BAS-006	0.175677	0.067376	0.261040	0.187604	0.007211	0.000010	0.085327	0.215745	0.000010
143	BAS-008	0.132482	0.062210	0.316849	0.202921	0.011495	0.006487	0.060580	0.206964	0.000010
145	BAS-017	0.150091	0.064408	0.283165	0.194687	0.009786	0.005399	0.080428	0.207895	0.004140
147	BAS-029	0.130576	0.069025	0.258735	0.218423	0.015296	0.000862	0.076137	0.224725	0.006221
148	BAS-031	0.159759	0.068002	0.295258	0.172781	0.016140	0.002750	0.090277	0.195023	0.000010
150	BAS-034	0.153365	0.053175	0.290851	0.192568	0.013470	0.000010	0.092714	0.203838	0.000010
152	BAS-045	0.175399	0.068660	0.281254	0.186854	0.009850	0.001557	0.079073	0.195125	0.002228
154	BAS-060	0.131614	0.055809	0.296759	0.194562	0.001228	0.006848	0.085022	0.228147	0.000010
156	BAS-091	0.173273	0.055346	0.256629	0.210972	0.002340	0.000010	0.064022	0.229509	0.007898
157	BAS-094	0.222720	0.040876	0.192342	0.265374	0.009111	0.001598	0.054361	0.213608	0.000010
158	BAS-096	0.178237	0.032050	0.243941	0.236595	0.001893	0.001236	0.074186	0.226038	0.005825
162	BAS-121	0.216084	0.059595	0.178273	0.252874	0.010668	0.006691	0.061364	0.214441	0.000010
165	BAS-150	0.173202	0.072869	0.262131	0.196246	0.016516	0.008018	0.075524	0.195482	0.000010
169	BAS-600	0.167667	0.049423	0.270163	0.217191	0.000010	0.009602	0.072220	0.213714	0.000010
170	BAS-622	0.194600	0.054979	0.239989	0.211478	0.007516	0.002436	0.056585	0.224152	0.008265
171	BAS-652	0.192162	0.045393	0.206375	0.250720	0.018516	0.000010	0.045490	0.235310	0.006024
172	BAS-655	0.194651	0.051786	0.217067	0.231631	0.004026	0.000010	0.067026	0.227428	0.006377
174	BAS-663	0.183141	0.051623	0.219420	0.241210	0.000010	0.002770	0.069593	0.232223	0.000010
175	BAS-669	0.196741	0.060680	0.175210	0.263693	0.003443	0.006597	0.048407	0.243351	0.001878
176	BAS-670	0.203854	0.052522	0.205102	0.264058	0.003183	0.000010	0.058056	0.213205	0.000010
179	BAS-683	0.199905	0.055616	0.198563	0.251880	0.000930	0.004149	0.070769	0.218178	0.000010
180	BAS-811	0.205700	0.044675	0.162272	0.286834	0.015427	0.003572	0.042072	0.234438	0.005011
183	BAS-825	0.213655	0.043441	0.186891	0.265102	0.004604	0.000010	0.048132	0.233929	0.004237
184	BAS-831	0.217464	0.032275	0.186406	0.288796	0.000017	0.000010	0.033903	0.238476	0.002653
185	BAS-833	0.188783	0.053209	0.186686	0.277470	0.003924	0.000010	0.054229	0.235679	0.000010
187	BAS-849	0.196980	0.051997	0.177535	0.260496	0.011019	0.002822	0.054482	0.243369	0.001299
189	BAS-1393	0.237267	0.051417	0.184947	0.248705	0.000010	0.000010	0.049094	0.228540	0.000010
190	BAS-1394	0.235235	0.030016	0.182257	0.252374	0.010624	0.003459	0.053203	0.231297	0.001535
191	BAS-1396	0.225278	0.043634	0.201951	0.238927	0.011447	0.004953	0.034444	0.239355	0.000010
192	BAS-1398	0.217198	0.050892	0.157847	0.261069	0.009174	0.003183	0.047509	0.251212	0.001915
194	BUR-003	0.008689	0.067157	0.580612	0.078228	0.000920	0.001592	0.163079	0.090979	0.008744
196	BUR-009	0.024553	0.073659	0.569389	0.043964	0.006095	0.004919	0.172912	0.104498	0.000010
197	BUR-042	0.000010	0.059977	0.563205	0.074296	0.005122	0.002632	0.160922	0.133826	0.000010
200	BUR-051	0.013040	0.082157	0.568586	0.059892	0.023732	0.001005	0.153519	0.098060	0.000010
201	BUR-074	0.002747	0.062052	0.604837	0.064340	0.013447	0.000010	0.143993	0.108563	0.000010
203	BUR-101	0.035025	0.065564	0.561218	0.066316	0.000010	0.001556	0.139886	0.130414	0.000010
204	BUR-103	0.010856	0.073014	0.594462	0.035804	0.019114	0.000010	0.156624	0.110107	0.000010
210	BUR-160	0.017524	0.061202	0.583613	0.059120	0.003956	0.002999	0.153990	0.113809	0.003788
211	BUR-205	0.002726	0.061266	0.580593	0.068044	0.004032	0.004873	0.148582	0.125453	0.004431
212	BUR-207	0.025251	0.061476	0.588362	0.059081	0.008298	0.000010	0.154209	0.100038	0.003274
215	BUR-224	0.028500	0.057087	0.587295	0.034970	0.008698	0.000047	0.156189	0.124608	0.002606
218	BUR-258	0.014043	0.062167	0.600784	0.041674	0.008871	0.001431	0.155943	0.109797	0.005290
219	BUR-358	0.006604	0.064336	0.606445	0.046555	0.010214	0.002915	0.156854	0.104099	0.001978
223	BUR-531	0.032188	0.073618	0.565409	0.050815	0.017826	0.006900	0.153558	0.098852	0.000834
225	BUR-568	0.015781	0.057861	0.596330	0.056220	0.009877	0.000010	0.159300	0.102066	0.002554
232	BUR-635	0.034748	0.067946	0.558929	0.066236	0.002210	0.000010	0.150702	0.119209	0.000010
234	BUR-684	0.016896	0.076110	0.570807	0.052685	0.015703	0.007062	0.151392	0.108258	0.001087
240	DAG-122	0.379275	0.029678	0.062545	0.184748	0.000974	0.000010	0.002586	0.340175	0.000010
241	DAG-123	0.391647	0.023704	0.048810	0.183452	0.004623	0.007705	0.009266	0.328933	0.001860
246	DAG-152	0.392931	0.019476	0.038044	0.164168	0.002503	0.000406	0.025153	0.349160	0.008159
247	DAG-160	0.386317	0.024936	0.049629	0.150981	0.019003	0.000010	0.017494	0.349800	0.001830
251	DAG-180	0.379391	0.015793	0.036830	0.174523	0.006838	0.001085	0.020174	0.365357	0.000010
252	DAG-183	0.380333	0.023316	0.027688	0.188284	0.000099	0.009775	0.009713	0.360782	0.000010
255	DAG-206	0.353270	0.050658	0.026220	0.194600	0.009571	0.001301	0.021906	0.342464	0.000010
256	DAG-210	0.381644	0.008857	0.046297	0.181358	0.000012	0.000010	0.021451	0.358019	0.002352
258	DAG-213	0.395405	0.020047	0.048498	0.151045	0.000010	0.000447	0.016541	0.367997	0.000010
260	DAG-231	0.359246	0.031866	0.036888	0.188095	0.000016	0.000010	0.023135	0.358637	0.002107
263	DAG-335	0.371695	0.026875	0.045891	0.201840	0.010979	0.000010	0.012290	0.330409	0.000010
267	DAG-371	0.353749	0.035725	0.029978	0.181785	0.000016	0.000010	0.029612	0.362177	0.006948
269	DAG-376	0.344322	0.034670	0.045437	0.211173	0.003588	0.006387	0.017324	0.337088	0.000010
270	DAG-388	0.351444	0.017778	0.045262	0.185153	0.003018	0.014852	0.022900	0.359583	0.000010
274	DAG-448	0.382403	0.036361	0.029394	0.176421	0.011542	0.000010	0.008218	0.348406	0.007246
278	DAG-485	0.349417	0.021217	0.042150	0.198601	0.014865	0.000010	0.017599	0.352520	0.003621
280	DAG-506	0.369951	0.034927	0.045513	0.179304	0.006428	0.000010	0.000010	0.363845	0.000010
286	DAG06-578	0.384092	0.027858	0.042318	0.177335	0.003729	0.000896	0.015931	0.343172	0.004670
293	EV-023	0.000010	0.106714	0.571206	0.078510	0.002654	0.007438	0.120184	0.111258	0.002024
297	EV-052	0.000010	0.094851	0.638087	0.046231	0.003159	0.000287	0.104337	0.109848	0.003191
299	EV-082	0.000010	0.094419	0.640668	0.040524	0.008119	0.000010	0.127488	0.088751	0.000010
300	EV-110	0.000010	0.107633	0.634483	0.034121	0.014151	0.006258	0.114718	0.084545	0.004080
301	EV-114	0.000010	0.063329	0.613767	0.051773	0.008302	0.004657	0.162530	0.095004	0.000630
303	EV-139	0.000010	0.071371	0.607822	0.052446	0.008011	0.000969	0.163249	0.092294	0.003828
304	EV-147	0.000010	0.098956	0.623304	0.043244	0.004111	0.000010	0.134960	0.095394	0.000010
305	EV-148	0.006042	0.062727	0.619885	0.048339	0.000010	0.001989	0.156566	0.104431	0.000010
306	EV-175	0.013282	0.065001	0.623105	0.054893	0.000016	0.000097	0.141825	0.101771	0.000010
309	EZI-012	0.458164	0.003937	0.049443	0.091159	0.000010	0.006552	0.038030	0.333538	0.019168
310	EZI-013	0.462583	0.020585	0.007656	0.093629	0.026585	0.013562	0.028852	0.337176	0.009374
311	EZI-020	0.457941	0.013554	0.035120	0.083586	0.007667	0.000010	0.030774	0.360111	0.011238
312	EZI-029	0.452518	0.005833	0.039189	0.092420	0.000010	0.005506	0.043538	0.335993	0.024993
314	EZI-060	0.478210	0.015101	0.037121	0.076603	0.006504	0.001019	0.022807	0.345776	0.016858
315	EZI-074	0.471959	0.003057	0.037326	0.075175	0.016931	0.014712	0.036413	0.340964	0.003462
318	GAG-188	0.448747	0.007698	0.023073	0.239110	0.000012	0.000010	0.022397	0.255226	0.003728
322	GAG-220	0.453072	0.013396	0.039347	0.204498	0.009013	0.002887	0.007118	0.254231	0.016439
325	GEO-002	0.515600	0.000010	0.043953	0.095590	0.000010	0.001213	0.014480	0.314930	0.014213
327	GEO-010	0.597326	0.002644	0.042335	0.027636	0.000014	0.000746	0.000010	0.329279	0.000010
328	GEO-015	0.528608	0.013225	0.038703	0.081289	0.000409	0.006643	0.012224	0.318888	0.000010
329	GEO-020	0.564576	0.017097	0.009559	0.086767	0.008901	0.000017	0.000405	0.312668	0.000010
331	GEO-031	0.518513	0.000011	0.042107	0.090674	0.004826	0.000010	0.016900	0.326950	0.000010
335	GEO-061	0.494760	0.000010	0.037390	0.102227	0.002245	0.001679	0.010121	0.346596	0.004972
336	GEO-082	0.499891	0.011110	0.013612	0.080183	0.004745	0.009533	0.020679	0.360236	0.000010
337	GEO001	0.524496	0.006450	0.020085	0.077672	0.007008	0.001866	0.016899	0.334435	0.011090
338	ING-1154	0.415244	0.013722	0.057757	0.150244	0.010527	0.000906	0.022372	0.322237	0.006992
339	ING-1167	0.421813	0.011601	0.043465	0.155576	0.010817	0.004230	0.015259	0.337229	0.000010
343	ING-1177	0.428522	0.029885	0.042122	0.126161	0.010499	0.000010	0.021363	0.341427	0.000010
344	ING-1178	0.405877	0.016770	0.060767	0.143272	0.000012	0.000010	0.032453	0.333806	0.007032
345	ING-1179	0.400496	0.040000	0.060427	0.143920	0.006694	0.000010	0.023363	0.325080	0.000010
346	ING-1206	0.424973	0.026433	0.048328	0.142129	0.007719	0.004934	0.022894	0.322580	0.000010
347	ING-1330	0.422975	0.016702	0.059783	0.146180	0.003408	0.008004	0.015930	0.327008	0.000010
349	Kab-10	0.400808	0.037911	0.084465	0.152028	0.005137	0.002322	0.021197	0.296123	0.000010
350	Kab-13	0.405537	0.021621	0.083742	0.140669	0.000698	0.004842	0.031975	0.306582	0.004335
354	Kab-24	0.414693	0.011920	0.070042	0.159208	0.005354	0.001901	0.024356	0.307336	0.005191
355	Kab-26	0.417462	0.029783	0.080195	0.134103	0.014874	0.000010	0.022286	0.295561	0.005726
359	KAR-009	0.246652	0.030524	0.084640	0.381062	0.009592	0.000010	0.038569	0.207811	0.001141
360	KAR-030	0.217816	0.028959	0.066262	0.396887	0.016587	0.000010	0.046965	0.226504	0.000010
361	KAR-034	0.237172	0.033816	0.082382	0.390251	0.016474	0.011048	0.017082	0.211765	0.000010
364	KAR-056	0.232868	0.038284	0.079682	0.376449	0.015000	0.000010	0.041145	0.214759	0.001804
365	KAR-060	0.252305	0.049305	0.076265	0.363873	0.002888	0.006400	0.027972	0.220983	0.000010
366	KAR-067	0.231309	0.028765	0.104986	0.380665	0.009093	0.000010	0.030009	0.215152	0.000010
368	KAR-092	0.225828	0.034308	0.094596	0.386779	0.008827	0.000010	0.022496	0.227145	0.000010
370	KAR-110	0.223855	0.034925	0.084415	0.379919	0.009121	0.000010	0.047423	0.220024	0.000309
371	KAR-111	0.235175	0.051405	0.056462	0.406484	0.018175	0.000677	0.029938	0.197298	0.004386
372	KAR-131	0.255917	0.038935	0.083406	0.384130	0.015851	0.004812	0.024972	0.191967	0.000010
377	KAR-183	0.219220	0.034954	0.086127	0.382454	0.008604	0.003753	0.039744	0.225134	0.000010
378	KAR-184	0.235195	0.019066	0.093408	0.385580	0.024644	0.003090	0.027228	0.209480	0.002310
380	KAR-190	0.259139	0.030223	0.088448	0.371601	0.007736	0.000010	0.020571	0.219159	0.003114
381	KAR-193	0.241840	0.026684	0.088371	0.365820	0.015866	0.004886	0.025134	0.231389	0.000010
382	KCHE-1032	0.400792	0.021165	0.087073	0.131093	0.004933	0.000010	0.036056	0.315190	0.003690
384	KCHE-1283	0.392336	0.022540	0.085663	0.145905	0.003661	0.008306	0.028031	0.313549	0.000010
388	KCHE-1333	0.416086	0.018025	0.081519	0.135163	0.005297	0.006164	0.038615	0.295268	0.003863
390	KCHE-1436	0.401759	0.018437	0.080941	0.139056	0.015248	0.005535	0.011344	0.324150	0.003530
392	KCHE-1491	0.384863	0.024104	0.089741	0.138285	0.000010	0.002844	0.017337	0.342640	0.000175
396	KCHE-1530	0.389304	0.018062	0.084639	0.141570	0.004605	0.000010	0.037159	0.320051	0.004600
397	KCHE-1552	0.422008	0.026461	0.067075	0.128246	0.000010	0.000010	0.039343	0.314378	0.002468
398	KCHE-1559	0.396141	0.022588	0.084785	0.136155	0.001336	0.002254	0.033292	0.323439	0.000010
400	KHS-001	0.046451	0.079985	0.425775	0.166450	0.021161	0.000010	0.087088	0.172962	0.000118
402	Khs-006	0.062284	0.091281	0.405733	0.150942	0.018163	0.005610	0.063853	0.202124	0.000010
404	Khs-010	0.050221	0.093234	0.412497	0.167571	0.016103	0.004700	0.079085	0.176579	0.000010
405	Khs-011	0.033276	0.093579	0.422940	0.164966	0.011976	0.000010	0.082094	0.189290	0.001870
406	KHS-012	0.042414	0.105012	0.423821	0.150828	0.010704	0.001498	0.080959	0.184754	0.000010
407	KHS-034	0.053803	0.100694	0.383447	0.166068	0.008257	0.001052	0.079429	0.207239	0.000010
410	KHS-049	0.039002	0.107783	0.407437	0.175415	0.019792	0.000869	0.086136	0.163556	0.000010
412	Khs-168	0.080591	0.078764	0.397539	0.132670	0.012893	0.001576	0.096203	0.199754	0.000010
413	Khs-190	0.057379	0.093954	0.410050	0.156400	0.012212	0.003257	0.093879	0.164745	0.008123
414	Khs-301	0.042101	0.087467	0.463330	0.127218	0.008189	0.000010	0.101518	0.154949	0.015220
415	Khs-302	0.024920	0.092035	0.495796	0.105700	0.002553	0.003664	0.139775	0.135547	0.000010
418	Khs-306	0.037129	0.087930	0.438374	0.143879	0.008308	0.002104	0.117115	0.165151	0.000010
420	Khs-309	0.045980	0.094266	0.478481	0.113986	0.006328	0.000010	0.112703	0.148237	0.000010
421	Khs-402	0.017670	0.078166	0.507088	0.115205	0.007852	0.000010	0.137946	0.136054	0.000010
423	Khs-421	0.056734	0.082185	0.459941	0.123309	0.009705	0.000010	0.106082	0.162024	0.000010
424	Khs-422	0.076405	0.066923	0.452015	0.109550	0.017134	0.000010	0.129209	0.147328	0.001427
426	Khs-424	0.035200	0.086012	0.476564	0.121612	0.013098	0.000017	0.116788	0.150700	0.000010
428	Khs-491	0.052234	0.053819	0.521340	0.103537	0.006116	0.007527	0.120325	0.135092	0.000010
429	Khs-493	0.058916	0.085264	0.476889	0.088906	0.000010	0.000010	0.116413	0.171557	0.002036
430	Khs-513	0.037508	0.098194	0.472368	0.098229	0.010558	0.006115	0.117625	0.159394	0.000010
431	Khs-527	0.021901	0.077206	0.503725	0.124825	0.013913	0.000010	0.125040	0.130049	0.003331
432	KKA-004	0.188865	0.046091	0.325962	0.112722	0.003807	0.010574	0.099432	0.212357	0.000190
433	KKA-007	0.153211	0.043097	0.371087	0.119328	0.005163	0.002097	0.105752	0.198419	0.001846
436	KKA-012	0.118430	0.053468	0.398991	0.127680	0.023987	0.005091	0.105175	0.167168	0.000010
437	KKA-014	0.134010	0.049183	0.381764	0.119801	0.015671	0.005061	0.092466	0.202034	0.000010
443	KKA-042	0.129493	0.066801	0.392767	0.114285	0.000010	0.002216	0.119761	0.167612	0.007054
445	KKA-051	0.141369	0.042644	0.372350	0.122615	0.011025	0.006998	0.110389	0.192600	0.000010
448	KRD-14	0.476176	0.011441	0.031590	0.073598	0.000010	0.008276	0.027842	0.363453	0.007615
449	KRD-31	0.496244	0.007754	0.032653	0.072362	0.000014	0.000010	0.027743	0.360010	0.003210
452	KRD-45	0.476661	0.005215	0.024740	0.099180	0.013753	0.005273	0.020717	0.339708	0.014753
455	KZH-1593	0.137695	0.044703	0.397291	0.108948	0.006398	0.000772	0.120422	0.183761	0.000010
457	KZH-1614	0.100474	0.063200	0.412290	0.114640	0.014726	0.000010	0.121271	0.166305	0.007085
458	KZH-1629	0.099296	0.048465	0.441995	0.102044	0.008417	0.000051	0.119080	0.180642	0.000010
463	KZH-1696	0.109078	0.076396	0.387945	0.112496	0.009659	0.000010	0.126250	0.178157	0.000010
464	KZH-1708	0.116598	0.069413	0.401859	0.097044	0.019805	0.000010	0.120366	0.174895	0.000010
466	KZH-1722	0.091097	0.038305	0.456333	0.125139	0.002620	0.000010	0.119653	0.159401	0.007442
468	KZH-1725	0.069099	0.051631	0.470423	0.121104	0.005530	0.000010	0.135274	0.141042	0.005886
470	KZH-1735	0.080018	0.069628	0.431515	0.113214	0.012054	0.003521	0.133682	0.156359	0.000010
474	lpgh-303	0.437167	0.017029	0.063865	0.132904	0.008280	0.000010	0.034199	0.304057	0.002488
478	MOE-014	0.284892	0.038961	0.072959	0.314645	0.017696	0.000010	0.037601	0.233226	0.000010
480	MOE-020	0.290920	0.041611	0.080188	0.316268	0.000010	0.004294	0.034955	0.230153	0.001601
483	MOE-043	0.267495	0.042649	0.074342	0.343546	0.000102	0.005404	0.031516	0.234937	0.000010
484	MOE-045	0.274855	0.050563	0.072220	0.329031	0.016266	0.000010	0.035929	0.221116	0.000010
485	MOE-433	0.298392	0.023841	0.068124	0.339734	0.014474	0.000010	0.016584	0.226706	0.012136
487	MOE-450	0.305450	0.018590	0.073709	0.329358	0.020334	0.004931	0.013659	0.229758	0.004210
489	MOE-452	0.294198	0.012962	0.072900	0.347601	0.009406	0.000010	0.028965	0.222411	0.011548
491	MOE-475	0.292066	0.037667	0.050389	0.336121	0.012821	0.002770	0.039479	0.228677	0.000010
492	MOE-485	0.273878	0.031026	0.057882	0.353275	0.011627	0.000010	0.037122	0.226651	0.008529
497	MOL-005	0.434127	0.016915	0.017180	0.234049	0.015589	0.011384	0.017804	0.240775	0.012178
500	MOL-024	0.465477	0.020855	0.008506	0.228129	0.013302	0.005055	0.028119	0.230549	0.000010
501	MOL-058	0.437889	0.012678	0.029295	0.248162	0.006862	0.002854	0.027126	0.235125	0.000010
502	MOL-064	0.461608	0.005366	0.010427	0.227927	0.007244	0.007989	0.029669	0.243704	0.006066
503	MOL-065	0.464010	0.020251	0.026071	0.244299	0.002754	0.000010	0.016983	0.218602	0.007020
505	MOL-067	0.437596	0.019203	0.026514	0.240344	0.009829	0.000010	0.018872	0.245492	0.002140
506	MOL-069	0.426479	0.020275	0.024237	0.258965	0.020269	0.009756	0.017974	0.220959	0.001086
507	MON-0006	0.000120	0.057708	0.604522	0.062642	0.004029	0.006838	0.153163	0.110968	0.000010
510	MON-0078	0.010477	0.052994	0.576460	0.063317	0.003921	0.000010	0.190399	0.096877	0.005545
512	MON-0165	0.037066	0.067209	0.566392	0.083753	0.005483	0.000010	0.134036	0.102457	0.003593
513	MON-0209	0.003166	0.063357	0.592848	0.059289	0.012303	0.001649	0.161418	0.105961	0.000010
514	MON-0263	0.039267	0.039466	0.584326	0.058168	0.004232	0.000010	0.154640	0.117777	0.002116
519	MON-0309	0.030847	0.052186	0.582693	0.064810	0.018013	0.005624	0.162152	0.083665	0.000010
522	MON-0344	0.010169	0.051843	0.637213	0.043083	0.002729	0.000010	0.150671	0.104273	0.000010
528	MON-0423	0.025384	0.076700	0.541633	0.065079	0.010611	0.004018	0.155888	0.120678	0.000010
529	MON-0425	0.044259	0.059854	0.556196	0.063036	0.017796	0.001107	0.145613	0.112130	0.000010
533	MON-0453	0.024327	0.060266	0.538753	0.069536	0.000010	0.005642	0.162825	0.133519	0.005123
539	MON-558	0.034563	0.062542	0.600730	0.037094	0.018661	0.000010	0.176189	0.070201	0.000010
540	MON-611	0.019042	0.057407	0.565410	0.063595	0.000010	0.001746	0.167048	0.125732	0.000010
541	NOG-15	0.139157	0.042413	0.367107	0.149990	0.000013	0.000010	0.108643	0.189393	0.003274
542	NOG-17	0.145819	0.049229	0.385094	0.144855	0.002812	0.000010	0.107179	0.164992	0.000010
547	NOG-125	0.228763	0.038791	0.243367	0.192430	0.002288	0.000010	0.085235	0.198368	0.010748
548	NOG-127	0.175860	0.057345	0.353421	0.110149	0.010169	0.005058	0.101628	0.186361	0.000010
549	NOG-129	0.238488	0.041898	0.248733	0.142748	0.002210	0.006517	0.078332	0.241065	0.000010
551	NOG-133	0.165390	0.043988	0.324326	0.154031	0.009897	0.000010	0.094496	0.205544	0.002317
553	NOG-220	0.197753	0.051145	0.296646	0.149953	0.000010	0.003313	0.090143	0.211028	0.000010
554	NOG-224	0.174484	0.061406	0.332875	0.105107	0.015398	0.010353	0.089991	0.210375	0.000010
555	NOG-263	0.149817	0.047413	0.374849	0.127156	0.012351	0.004198	0.118065	0.166140	0.000010
556	NOG-357	0.163208	0.039134	0.337355	0.126569	0.023466	0.011248	0.111154	0.187856	0.000010
559	OCE-160	0.467964	0.010937	0.056112	0.114036	0.006293	0.008590	0.023679	0.309170	0.003220
560	OCE-161	0.444930	0.021482	0.042146	0.126489	0.000010	0.000010	0.031463	0.327545	0.005924
563	Rakr-203	0.230197	0.031030	0.091156	0.384943	0.018844	0.000986	0.028420	0.214414	0.000010
564	Rakr-205	0.258697	0.023787	0.082107	0.356077	0.001537	0.011517	0.030192	0.236076	0.000010
565	Rakr-237	0.259490	0.029490	0.079516	0.358817	0.000010	0.003059	0.051028	0.218581	0.000010
566	Rakr-248	0.235578	0.021819	0.068965	0.367926	0.015655	0.003649	0.042868	0.243530	0.000010
568	Rakr-345	0.265846	0.035731	0.068633	0.364402	0.019312	0.002134	0.037851	0.206081	0.000010
572	Rakrlsh-144	0.206405	0.051914	0.117159	0.364296	0.018167	0.001103	0.027177	0.213768	0.000010
573	Rakrlsh-149	0.244679	0.049620	0.099859	0.336708	0.026813	0.000011	0.016357	0.225944	0.000010
575	Rbgp-201	0.332349	0.025027	0.026147	0.338800	0.017919	0.007839	0.019270	0.232640	0.000010
576	Rbgp-203	0.329118	0.000010	0.054010	0.342847	0.005669	0.004574	0.023394	0.240369	0.000010
580	Rkbo-16	0.308897	0.036246	0.038857	0.353211	0.007622	0.000010	0.024912	0.228864	0.001381
581	Rkbo-44	0.302385	0.038457	0.029462	0.358830	0.015278	0.007326	0.026764	0.221487	0.000010
583	Rksh-402	0.276511	0.041920	0.062438	0.356652	0.009530	0.001253	0.024890	0.226798	0.000010
584	Rksh-405	0.301348	0.040855	0.039405	0.362874	0.000019	0.000010	0.025591	0.217021	0.012876
586	Rksh-412	0.312096	0.049277	0.035163	0.358836	0.006434	0.002022	0.020173	0.215989	0.000010
592	Rorl-110	0.314496	0.030113	0.033493	0.352280	0.000010	0.005103	0.016661	0.240092	0.007753
597	RPin-143	0.259735	0.038290	0.079029	0.349220	0.003055	0.000710	0.042624	0.227327	0.000010
603	Rps-006	0.273693	0.019190	0.030914	0.402082	0.014732	0.002555	0.020441	0.230723	0.005669
605	Rps-090	0.272423	0.012369	0.047520	0.387126	0.022599	0.000010	0.024574	0.220898	0.012481
608	Rrzm-08	0.312799	0.024558	0.052686	0.334485	0.003648	0.004174	0.021089	0.246550	0.000010
611	Rrzm-16	0.325395	0.032250	0.035856	0.325257	0.024515	0.005519	0.020234	0.230964	0.000010
613	Rrzs-3	0.300739	0.036172	0.042496	0.352822	0.017163	0.000016	0.022669	0.227914	0.000010
614	Rrzs-7	0.292980	0.031649	0.042971	0.354413	0.013125	0.002894	0.035112	0.226846	0.000010
615	Rrzs-11	0.290025	0.030726	0.045858	0.359603	0.000010	0.000010	0.026425	0.244847	0.002496
617	Rrzs-32	0.310422	0.024106	0.056809	0.349429	0.000010	0.003125	0.023812	0.232277	0.000010
619	Rrzs-66	0.279963	0.006111	0.058019	0.363318	0.006939	0.000010	0.022441	0.254359	0.008840
622	Rsm-109	0.329074	0.018693	0.033422	0.360848	0.011594	0.004711	0.021853	0.219794	0.000010
626	Rsm-179	0.322152	0.018075	0.029031	0.346554	0.016260	0.000010	0.029549	0.238358	0.000010
627	Rsm-181	0.322261	0.032894	0.032679	0.339823	0.019522	0.000010	0.000955	0.243343	0.008514
628	RYAR-173	0.288782	0.039343	0.039173	0.376957	0.021853	0.000010	0.018641	0.209213	0.006028
629	RYAR-223	0.270969	0.047691	0.050782	0.372006	0.000010	0.008055	0.038053	0.212424	0.000010
631	Shap-55	0.454129	0.017896	0.060650	0.128970	0.002779	0.006612	0.001597	0.327357	0.000010
640	Shor-293	0.031707	0.096829	0.407484	0.177752	0.000010	0.004638	0.066660	0.214909	0.000010
644	STA-006	0.120971	0.072148	0.321992	0.181618	0.000010	0.000010	0.094900	0.202425	0.005927
645	STA-112	0.175663	0.061593	0.257299	0.209663	0.010472	0.002552	0.080358	0.202390	0.000010
648	STA-122	0.141180	0.062797	0.317028	0.197754	0.013502	0.000010	0.075975	0.191743	0.000010
650	STA-128	0.117309	0.061145	0.273844	0.213697	0.018201	0.001106	0.097637	0.217051	0.000010
659	STA-306	0.142050	0.076599	0.310442	0.173028	0.008367	0.002998	0.088237	0.198269	0.000010
662	STA-362	0.073347	0.064767	0.332581	0.232250	0.023203	0.000010	0.074957	0.198876	0.000010
665	STA-435	0.073553	0.070875	0.333383	0.206092	0.012596	0.003696	0.080288	0.214984	0.004532
668	TJ-0091	0.298364	0.036626	0.122274	0.135421	0.000452	0.001547	0.064242	0.324262	0.016812
669	TJ-011	0.086026	0.047915	0.458435	0.115703	0.008005	0.000373	0.129045	0.154488	0.000010
672	TJ-098	0.086059	0.048820	0.430008	0.118466	0.003486	0.007077	0.125699	0.180376	0.000010
673	TJ-0108	0.273730	0.021889	0.092937	0.183965	0.000010	0.007264	0.049735	0.370460	0.000010
675	TJ-0484	0.291908	0.029054	0.104232	0.159441	0.011534	0.000010	0.059729	0.339680	0.004411
680	TJ-0555	0.312164	0.029923	0.100647	0.143882	0.002484	0.000010	0.055424	0.353331	0.002136
682	TJ-0574	0.294922	0.027154	0.114179	0.145779	0.000010	0.000017	0.075353	0.342576	0.000010
683	TJ-0686	0.266727	0.036591	0.171422	0.135710	0.000010	0.005834	0.084615	0.299081	0.000010
685	TJ-0796	0.286850	0.020839	0.137655	0.139783	0.004184	0.007309	0.066345	0.334377	0.002658
686	TJ-0798	0.287896	0.034311	0.110394	0.142036	0.016225	0.005027	0.059904	0.337216	0.006991
687	TJ-0807	0.294376	0.030371	0.132857	0.129889	0.011930	0.005291	0.069197	0.323479	0.002610
688	TJ-0982	0.294567	0.027524	0.163054	0.136472	0.006136	0.000010	0.045211	0.327015	0.000010
691	TJ-1032	0.296146	0.035565	0.117851	0.134463	0.000010	0.003258	0.070970	0.336281	0.005455
692	TJ-1041	0.287937	0.032845	0.098081	0.149808	0.013436	0.000571	0.061062	0.343606	0.012654
693	TTR-086	0.252454	0.035737	0.135461	0.281589	0.016856	0.000010	0.037756	0.240126	0.000010
698	TTR-241	0.264043	0.032735	0.099526	0.316342	0.003514	0.000010	0.059344	0.220385	0.004100
700	TTR-245	0.250294	0.046695	0.153517	0.278875	0.011791	0.001571	0.050385	0.203784	0.003089
708	TTR-362	0.285328	0.033330	0.125349	0.285570	0.006243	0.000010	0.046071	0.218089	0.000010
711	TTR-462	0.272676	0.036648	0.122672	0.302972	0.000010	0.004673	0.039076	0.221263	0.000010
712	TTR-464	0.250889	0.041070	0.126537	0.305209	0.000010	0.004597	0.049275	0.222403	0.000010
714	Ttr-474	0.192604	0.056143	0.166836	0.323634	0.005054	0.003858	0.029267	0.218781	0.003822
718	Ttr-507	0.217337	0.051629	0.169453	0.293677	0.024453	0.010831	0.038587	0.194024	0.000010
722	TUV-004	0.000010	0.084608	0.568088	0.081029	0.006165	0.002107	0.127688	0.127206	0.003098
723	TUV-008	0.014788	0.084560	0.550063	0.102253	0.019503	0.000010	0.102312	0.118234	0.008278
725	TUV-044	0.000010	0.071633	0.559489	0.089614	0.023530	0.001393	0.128993	0.125329	0.000010
726	TUV-059	0.000010	0.082764	0.552637	0.097171	0.016743	0.002666	0.123176	0.124825	0.000010
728	TUV-071	0.001202	0.070626	0.583045	0.069433	0.001144	0.003895	0.130309	0.140337	0.000010
730	TUV-121	0.000010	0.083524	0.574493	0.076942	0.032147	0.000010	0.105725	0.124670	0.002479
732	TUV-195	0.000010	0.093576	0.557202	0.080470	0.015324	0.002801	0.123092	0.127515	0.000010
733	TUV-199	0.000010	0.094463	0.586136	0.068000	0.008141	0.000010	0.116404	0.126825	0.000010
735	TUV-392	0.017534	0.075897	0.531725	0.087138	0.022972	0.000010	0.121096	0.137462	0.006165
736	UDM-004	0.172080	0.046709	0.202489	0.280329	0.013032	0.000010	0.033810	0.249489	0.002053
737	UDM-033	0.162784	0.055697	0.191952	0.276335	0.008014	0.000010	0.047606	0.257592	0.000010
738	UDM-034	0.174702	0.059882	0.189235	0.277179	0.000010	0.004190	0.047667	0.247126	0.000010
740	UDM-229	0.171683	0.053621	0.182505	0.298782	0.000014	0.015685	0.035390	0.242310	0.000010
741	UDM-254	0.159007	0.062097	0.190853	0.269880	0.004094	0.002370	0.062450	0.235960	0.013289
744	UDM-287	0.206889	0.055950	0.162490	0.275714	0.000011	0.006976	0.053828	0.238132	0.000010
745	UDM-309	0.210878	0.049499	0.152982	0.290990	0.012823	0.000010	0.042855	0.239953	0.000010
746	UDM-318	0.192361	0.058614	0.172869	0.295328	0.024661	0.004005	0.026239	0.225913	0.000010
748	UDM-349	0.213381	0.060144	0.146872	0.266298	0.007296	0.001479	0.049976	0.254545	0.000010
749	UDM-357	0.211922	0.054230	0.157928	0.268832	0.007163	0.007322	0.049283	0.241742	0.001579
750	UDM-362	0.190912	0.080549	0.162348	0.279704	0.000014	0.005095	0.035277	0.246090	0.000010
751	UDM-366	0.204724	0.060056	0.149251	0.290890	0.003167	0.000010	0.055964	0.235929	0.000010
752	UKR-1283	0.335910	0.019821	0.021087	0.349973	0.020833	0.008132	0.014433	0.221664	0.008146
754	UKR-1292	0.320237	0.029594	0.036915	0.349334	0.003726	0.004422	0.020721	0.229164	0.005887
755	UKR-1377	0.327617	0.031112	0.028170	0.358894	0.010938	0.000010	0.019698	0.223551	0.000010
760	UKR-1951	0.315932	0.038809	0.024022	0.358395	0.019845	0.009679	0.008542	0.224765	0.000010
761	UKR-1978	0.331525	0.018829	0.035879	0.359063	0.001132	0.004238	0.024240	0.225084	0.000010
765	UZB-232	0.235997	0.047334	0.220797	0.102982	0.009487	0.003791	0.089743	0.289857	0.000010
768	UZB-236	0.221992	0.036723	0.235316	0.123732	0.000010	0.001842	0.100498	0.275132	0.004755
771	UZB-244	0.173031	0.037691	0.260869	0.130135	0.008332	0.000010	0.132577	0.254654	0.002701
773	UZB-301	0.182053	0.049021	0.284179	0.119451	0.017734	0.007950	0.104098	0.227794	0.007719
774	UZB-302	0.250398	0.033997	0.229866	0.144071	0.001038	0.000010	0.085486	0.255081	0.000051
775	UZB-303	0.281471	0.027184	0.155844	0.175619	0.008403	0.004208	0.067228	0.276891	0.003151
776	UZB-304	0.226856	0.033051	0.269694	0.127614	0.016290	0.006184	0.086655	0.233647	0.000010
777	UZB-305	0.192111	0.040617	0.267174	0.138590	0.019415	0.007725	0.100344	0.230285	0.003738
778	UZB-306	0.247078	0.027826	0.201083	0.117724	0.006239	0.000010	0.100318	0.296219	0.003504
784	UZB-411	0.045450	0.029833	0.549118	0.027643	0.013110	0.000010	0.257517	0.076797	0.000522
785	UZB-412	0.041919	0.029429	0.601236	0.004995	0.000010	0.003765	0.243678	0.071899	0.003068
790	UZB-421	0.039421	0.015547	0.582136	0.032865	0.005003	0.000010	0.244096	0.077708	0.003214
791	UZB-422	0.018813	0.026563	0.593103	0.016932	0.016261	0.000010	0.266037	0.062271	0.000010
793	UZB-427	0.057007	0.023275	0.527453	0.037830	0.000014	0.000010	0.254702	0.099699	0.000010
794	UZB-431	0.030854	0.038234	0.547116	0.037793	0.003822	0.000010	0.249631	0.087571	0.004969
795	YY-2	0.460123	0.031480	0.048412	0.118969	0.000491	0.010652	0.013111	0.316751	0.000010
796	YY-18	0.437318	0.020047	0.051994	0.141550	0.000010	0.002276	0.021472	0.325324	0.000010
797	YY-36	0.436546	0.035210	0.056636	0.130982	0.002620	0.007287	0.009724	0.320984	0.000010
799	SA1004	0.052453	0.011589	0.000010	0.005537	0.002864	0.589626	0.010726	0.029651	0.297544
800	SA063	0.035169	0.003176	0.001109	0.000010	0.000010	0.755247	0.008316	0.012970	0.183993
801	SA010	0.012505	0.000629	0.000010	0.000010	0.001594	0.778422	0.002270	0.005649	0.198911
804	SA1025	0.022217	0.004035	0.002415	0.003271	0.000010	0.703284	0.007924	0.007819	0.249025
815	Yuk_024	0.000010	0.223373	0.512911	0.044144	0.012336	0.001640	0.112822	0.092754	0.000010
822	MC_15	0.000010	0.292972	0.477185	0.037718	0.000553	0.002840	0.094381	0.092249	0.002091
823	MC_18	0.000010	0.295556	0.467933	0.040594	0.001651	0.002393	0.102199	0.087874	0.001789
824	Yuk_004	0.000010	0.103349	0.575893	0.046671	0.007450	0.000208	0.156429	0.109979	0.000010
826	MC_08	0.000010	0.291215	0.488834	0.048028	0.009083	0.000010	0.093416	0.069394	0.000010
827	Nov_005	0.000010	0.139802	0.621284	0.054121	0.007995	0.002236	0.091100	0.083441	0.000010
829	Yuk_019	0.000010	0.164057	0.590981	0.034435	0.012563	0.004660	0.113012	0.080272	0.000010
832	Sesk_47	0.000010	0.287574	0.479752	0.051638	0.007269	0.000010	0.098165	0.069207	0.006376
835	Nesk_15	0.000010	0.380098	0.416444	0.039216	0.021780	0.000197	0.076689	0.064145	0.001420
836	Yuk_021	0.000010	0.119121	0.626625	0.036533	0.013153	0.000010	0.120509	0.084029	0.000010
839	MC_38	0.000010	0.320233	0.456926	0.042163	0.002644	0.000010	0.091623	0.085260	0.001131
840	MC_14	0.000010	0.329456	0.439351	0.038865	0.011643	0.000810	0.091044	0.088812	0.000010
847	Ul31	0.000010	0.092077	0.647631	0.014116	0.002235	0.003455	0.184274	0.056193	0.000010
848	Ul65	0.000010	0.081491	0.693702	0.008633	0.007026	0.000339	0.157184	0.051604	0.000010
850	Tuba12	0.042718	0.087773	0.422432	0.164836	0.017011	0.000010	0.072755	0.192455	0.000010
853	Nel19	0.135189	0.071168	0.291996	0.267208	0.000010	0.008686	0.058313	0.165522	0.001908
858	Ul6	0.000010	0.094706	0.627429	0.000016	0.015529	0.005263	0.194875	0.062163	0.000010
862	Tuba13	0.054390	0.079354	0.414888	0.153057	0.010825	0.000010	0.063541	0.219674	0.004261
868	Kor30	0.000010	0.206131	0.535751	0.036975	0.019719	0.000245	0.111026	0.090135	0.000010
869	Kor72	0.000010	0.206514	0.526830	0.041583	0.023201	0.000010	0.104838	0.096868	0.000147
872	Ul71	0.000010	0.083300	0.676008	0.005805	0.003166	0.006586	0.173699	0.051415	0.000010
873	Tuba6	0.045243	0.086408	0.448777	0.147268	0.019690	0.000010	0.050797	0.201799	0.000010
877	Nlk3	0.000010	0.102278	0.617975	0.033719	0.000010	0.002765	0.139547	0.103686	0.000010
878	Nlk19	0.175757	0.051535	0.229644	0.277854	0.013454	0.000486	0.062809	0.188452	0.000010
883	Ul43	0.000010	0.091868	0.659306	0.000010	0.015893	0.002072	0.166856	0.063975	0.000010
884	Ul72	0.000010	0.081085	0.662014	0.016812	0.017762	0.001728	0.158324	0.060140	0.002125
887	Tuba23	0.034243	0.076804	0.449520	0.170311	0.013843	0.000010	0.058506	0.196754	0.000010
890	Ale9	0.059452	0.322892	0.257669	0.149456	0.008167	0.000010	0.065118	0.137226	0.000010
891	Esk38	0.000010	0.375279	0.419683	0.039423	0.002393	0.000010	0.079155	0.082602	0.001444
895	Ul44	0.000010	0.086651	0.644717	0.013768	0.020266	0.000010	0.177357	0.057211	0.000010
896	Ul74	0.000010	0.089831	0.654777	0.000857	0.006673	0.000010	0.181780	0.066052	0.000010
899	Tuba24	0.033006	0.079285	0.438977	0.191764	0.013493	0.000210	0.037699	0.205556	0.000010
900	Nel13	0.142243	0.059028	0.326502	0.215578	0.000018	0.004783	0.087746	0.164093	0.000010
906	Ul19	0.000010	0.073801	0.654900	0.006296	0.009712	0.000010	0.188525	0.059727	0.007017
908	Tuba1	0.032773	0.088128	0.425115	0.170111	0.017046	0.000010	0.050084	0.216724	0.000010
911	Tuba25	0.064447	0.083286	0.412452	0.180275	0.028448	0.000010	0.027433	0.203638	0.000010
912	Nel15	0.114717	0.074830	0.330868	0.215841	0.011392	0.002221	0.078032	0.161533	0.010566
915	Sir14	0.000010	0.298335	0.454710	0.043866	0.014958	0.001078	0.093860	0.087815	0.005369
916	Kor54	0.000010	0.223466	0.495492	0.057607	0.005882	0.000061	0.117882	0.092614	0.006987
918	Ul24	0.000010	0.091715	0.652281	0.022537	0.009131	0.000010	0.158891	0.063005	0.002421
919	Ul59	0.000010	0.087643	0.663621	0.012182	0.011962	0.000010	0.168697	0.055864	0.000010
921	Tuba10	0.075243	0.071514	0.404071	0.175418	0.003602	0.000010	0.045072	0.225060	0.000010
922	Tuba18	0.047933	0.061074	0.433560	0.176029	0.006470	0.002151	0.079549	0.193223	0.000010
924	Nel16	0.139713	0.067589	0.291313	0.249400	0.008788	0.000928	0.072576	0.165391	0.004301
925	Nlk10	0.168665	0.062222	0.340466	0.176989	0.000010	0.004934	0.072684	0.172224	0.001806
932	Tuba11	0.058096	0.067708	0.404768	0.191702	0.001517	0.000010	0.044852	0.231336	0.000010
933	Tuba19	0.039336	0.083605	0.433513	0.171852	0.006717	0.000010	0.063060	0.196473	0.005435
935	Nel17	0.103494	0.090117	0.333028	0.215712	0.018947	0.000010	0.073673	0.165008	0.000010
936	Nlk14	0.118376	0.066468	0.339450	0.220752	0.021019	0.000945	0.076730	0.156251	0.000010
939	Kor61	0.000010	0.223347	0.530827	0.046352	0.014745	0.000075	0.092735	0.086559	0.005350
942	HGDP00001	0.307724	0.014319	0.031433	0.061641	0.007446	0.006731	0.090183	0.460243	0.020281
946	HGDP00011	0.309694	0.007541	0.037923	0.078108	0.006598	0.006653	0.086376	0.466040	0.001067
949	HGDP00017	0.325833	0.020147	0.019292	0.064045	0.020392	0.012588	0.088639	0.447703	0.001360
950	HGDP00019	0.318029	0.021888	0.044159	0.060531	0.010248	0.006086	0.080765	0.443022	0.015272
